4
4
5
7
8
11
21
21
25
27
33
36
40
43
43
46
47
50
53
56
57
59
59
63
65
67
67
69
69
70
71
72
77
86
88
95
101
105
105
106
108
118
122
125
129
131
139
146
147
148
150
151
153
168
169
173
176
179
182
182
189
190
196
196
200
201
204
214
214
221
222
223
231
231
242
242
245
255
263
267
278
284
286
297
298
301
304
308
309
312
313
317
324
327
332
335
335
337
344
363
363
372
374
387
388
389
389
391
406
420
428
429
433
437
437
438
450
456
458
460
474
476
476
476
478
480
487
488
490
492
492
506
510
515
517
520
523
523
524
524
527
527
530
539
540
540
547
550
552
553
558
562
567
574
576
579
581
588
597
599
601
602
602
602
604
607
610
616
619
619
624
624
630
631
633
637
638
649
655
657
660
661
663
666
670
673
677
677
681
681
687
692
693
693
696
698
699
700
708
712
713
719
724
725
726
736
736
737
737
741
745
749
753
755
760
762
762
770
775
781
782
783
784
786
786
795
799
799
807
809
810
823
824
825
828
829
831
834
835
838
841
842
842
846
847
850
850
851
863
864
868
870
876
892
894
898
901
902
903
905
905
908
914
921
930
933
934
935
937
938
956
961
965
972
974
975
986
987
989
995
996
998
1002
1005
1016
1020
1020
1021
1023
1024
1027
1037
1041
1041
1046
1053
1055
1065
1067
1071
1074
1074
1074
1081
1081
1092
1094
1099
1100
1104
1105
1108
1119
1122
1123
1126
1126
1135
1136
1140
1141
1142
1144
1145
1146
1149
1154
1155
1170
1174
1180
1182
1183
1185
1185
1187
1191
1199
1199
1201
1202
1203
1204
1207
1208
1226
1232
1233
1233
1241
1244
1246
1251
1255
1256
1259
1264
1267
1279
1281
1282
1284
1294
1296
1306
1307
1311
1312
1323
1327
1332
1333
1341
1343
1353
1356
1362
1367
1370
1371
1372
1374
1376
1378
1381
1384
1388
1390
1397
1398
1400
1401
1403
1403
1405
1410
1413
1413
1414
1416
1417
1423
1433
1436
1436
1436
1450
1454
1456
1458
1459
1460
1462
1464
1467
1467
1473
1474
1476
1476
1484
1485
1486
1486
1493
1502
1505
1507
1508
1508
1510
1511
1517
1530
1535
1540
1541
1544
1553
1555
1561
1562
1580
1588
1589
1592
1596
1602
1609
1612
1618
1621
1629
1630
1634
1635
1636
1637
1646
1651
1652
1654
1659
1661
1662
1667
1671
1673
1678
1685
1685
1686
1686
1686
1694
1695
1704
1705
1710
1717
1720
1728
1730
1730
1734
1734
1738
1740
1745
1746
1755
1761
1768
1770
1772
1776
1777
1781
1782
1786
1787
1787
1788
1788
1789
1789
1792
1793
1793
1793
1796
1804
1809
1810
1811
1811
1814
1819
1819
1820
1821
1821
1821
1823
1827
1828
1830
1832
1832
1836
1844
1845
1854
1859
1863
1873
1883
1889
1891
1891
1894
1894
1909
1912
1915
1919
1920
1921
1922
1931
1932
1937
1938
1947
1948
1948
1952
1954
1954
1955
1957
1960
1961
1966
1966
1967
1969
1975
1980
1985
1988
1989
1992
1997
1998
2000
2005
2007
2012
2013
2014
2024
2029
2030
2031
2034
2035
2037
2040
2042
2042
2050
2051
2055
2057
2058
2061
2076
2078
2080
2088
2088
2090
2094
2095
2095
2096
2100
2101
2102
2108
2109
2109
2109
2111
2114
2120
2122
2122
2127
2128
2129
2129
2133
2137
2140
2141
2144
2148
2150
2154
2155
2158
2161
2166
2167
2167
2174
2175
2178
2182
2186
2189
2196
2197
2209
2214
2217
2225
2227
2230
2232
2232
2235
2239
2241
2242
2243
2245
2249
2251
2252
2252
2253
2258
2259
2266
2268
2269
2273
2274
2274
2280
2282
2284
2291
2305
2308
2311
2312
2314
2318
2325
2334
2340
2346
2354
2354
2361
2370
2371
2378
2379
2381
2383
2384
2387
2393
2397
2400
2401
2405
2407
2416
2418
2421
2424
2432
2433
2437
2440
2442
2443
2459
2461
2462
2472
2490
2490
2490
2495
2496
2497
2497
2501
2501
2503
2510
2517
2519
2521
2530
2534
2535
2536
2538
2544
2548
2549
2550
2555
2562
2563
2564
2571
2593
2594
2595
2603
2606
2607
2608
2620
2626
2637
2639
2641
2654
2657
2657
2659
2661
2668
2668
2672
2673
2683
2685
2687
2688
2690
2693
2698
2698
2699
2703
2708
2711
2713
2714
2723
2723
2724
2725
2727
2729
2738
2740
2745
2758
2763
2765
2770
2771
2772
2774
2785
2789
2789
2789
2794
2800
2804
2809
2810
2811
2813
2817
2818
2821
2822
2822
2824
2827
2828
2828
2838
2839
2841
2843
2844
2848
2849
2853
2856
2860
2860
2870
2871
2872
2872
2874
2892
2895
2897
2898
2899
2901
2911
2911
2914
2916
2917
2919
2921
2921
2927
2930
2938
2941
2942
2952
2958
2964
2967
2969
2970
2971
2975
2977
2980
2983
2990
2992
2995
2998
3001
3002
3002
3005
3012
3015
3016
3017
3021
3024
3025
3026
3027
3030
3030
3033
3035
3044
3045
3052
3052
3054
3055
3057
3057
3065
3065
3076
3078
3079
3079
3080
3091
3109
3113
3121
3126
3129
3131
3132
3132
3132
3137
3138
3140
3140
3140
3143
3146
3149
3149
3152
3153
3166
3167
3169
3173
3173
3181
3183
3187
3187
3193
3193
3196
3202
3203
3203
3207
3213
3214
3218
3222
3227
3230
3232
3235
3237
3239
3241
3241
3241
3244
3245
3251
3255
3258
3262
3266
3267
3270
3271
3278
3280
3286
3306
3310
3311
3314
3315
3315
3320
3321
3321
3324
3325
3326
3329
3333
3335
3338
3338
3340
3346
3346
3348
3349
3352
3353
3356
3362
3364
3366
3369
3371
3371
3374
3378
3381
3383
3383
3387
3400
3404
3404
3404
3405
3407
3408
3416
3418
3424
3430
3436
3437
3448
3456
3457
3457
3462
3464
3467
3470
3475
3477
3484
3488
3488
3489
3490
3492
3494
3495
3504
3510
3513
3513
3521
3521
3522
3523
3523
3530
3534
3536
3537
3538
3541
3548
3549
3550
3551
3553
3553
3571
3572
3576
3578
3579
3581
3592
3593
3594
3598
3603
3607
3614
3617
3620
3623
3624
3625
3636
3641
3642
3644
3648
3648
3650
3651
3652
3660
3663
3670
3674
3685
3690
3696
3697
3702
3708
3710
3715
3717
3720
3739
3739
3742
3743
3744
3746
3753
3760
3763
3767
3775
3777
3784
3785
3787
3791
3797
3802
3803
3803
3805
3806
3808
3809
3823
3824
3826
3830
3832
3835
3839
3842
3858
3864
3865
3870
3871
3871
3873
3875
3876
3878
3879
3888
3890
3892
3892
3897
3901
3906
3907
3909
3913
3913
3920
3921
3921
3924
3925
3940
3942
3950
3951
3956
3972
3975
3979
3983
3987
3988
3990
3991
3992
3996
3997
3997
3998
3999
3999
4000
4002
4010
4015
4017
4021
4030
4031
4039
4041
4043
4050
4052
4056
4063
4067
4067
4067
4073
4074
4075
4076
4080
4084
4088
4089
4103
4103
4107
4108
4108
4115
4116
4117
4118
4123
4129
4131
4133
4138
4145
4148
4149
4150
4152
4155
4160
4163
4164
4164
4165
4166
4167
4173
4180
4186
4188
4189
4191
4193
4197
4200
4202
4208
4211
4215
4222
4228
4228
4229
4230
4234
4234
4235
4238
4238
4242
4245
4247
4249
4251
4251
4256
4266
4268
4271
4271
4275
4278
4285
4287
4290
4298
4302
4303
4303
4310
4315
4318
4324
4325
4326
4328
4332
4333
4334
4341
4354
4363
4370
4374
4376
4380
4381
4381
4385
4385
4386
4390
4391
4391
4393
4394
4400
4401
4407
4415
4420
4422
4427
4427
4433
4434
4435
4436
4438
4449
4454
4469
4477
4483
4488
4489
4495
4500
4510
4511
4519
4521
4526
4526
4530
4538
4544
4550
4551
4555
4556
4557
4557
4558
4565
4566
4566
4569
4570
4572
4578
4580
4580
4585
4585
4586
4586
4586
4587
4589
4591
4597
4602
4604
4604
4606
4608
4612
4614
4620
4621
4624
4626
4635
4637
4637
4639
4640
4643
4645
4652
4655
4660
4663
4663
4665
4665
4675
4680
4687
4692
4695
4695
4707
4710
4712
4713
4713
4723
4724
4724
4726
4729
4730
4739
4741
4742
4744
4744
4748
4749
4752
4754
4756
4760
4768
4768
4769
4777
4779
4784
4785
4789
4792
4792
4794
4796
4797
4797
4798
4802
4807
4808
4808
4819
4820
4821
4824
4827
4828
4829
4830
4839
4843
4845
4849
4851
4851
4852
4853
4856
4857
4857
4862
4876
4880
4884
4893
4893
4893
4904
4909
4909
4909
4914
4916
4918
4919
4924
4928
4930
4936
4938
4940
4942
4952
4953
4954
4954
4959
4966
4971
4971
4977
4980
4984
4985
4990
5004
5005
5013
5014
5017
5018
5021
5028
5033
5040
5045
5047
5049
5061
5065
5068
5069
5070
5070
5072
5074
5078
5081
5086
5086
5086
5088
5090
5098
5099
5103
5106
5117
5119
5120
5123
5126
5127
5133
5134
5137
5143
5144
5144
5144
5146
5147
5151
5152
5155
5163
5169
5176
5178
5179
5183
5184
5185
5188
5188
5190
5200
5201
5203
5207
5208
5212
5214
5217
5221
5224
5227
5230
5233
5238
5240
5241
5247
5255
5257
5259
5260
5267
5268
5271
5272
5279
5281
5281
5283
5283
5284
5286
5289
5290
5293
5301
5302
5303
5303
5307
5310
5310
5311
5319
5321
5324
5329
5331
5337
5339
5340
5345
5350
5350
5350
5352
5354
5366
5367
5368
5371
5378
5379
5379
5386
5387
5388
5390
5395
5396
5396
5398
5400
5403
5403
5408
5408
5417
5418
5418
5419
5421
5423
5424
5425
5425
5428
5432
5434
5443
5450
5452
5458
5462
5462
5466
5475
5475
5476
5477
5477
5477
5479
5487
5489
5495
5497
5501
5506
5507
5507
5514
5516
5522
5528
5533
5538
5539
5545
5548
5551
5552
5554
5559
5564
5567
5568
5569
5570
5573
5590
5593
5600
5601
5601
5603
5603
5605
5605
5606
5607
5611
5611
5612
5612
5618
5618
5623
5628
5631
5639
5640
5650
5650
5650
5651
5657
5660
5660
5661
5665
5667
5669
5677
5685
5687
5691
5693
5698
5698
5698
5707
5709
5716
5716
5721
5740
5744
5745
5749
5752
5753
5754
5758
5761
5762
5764
5765
5776
5777
5778
5782
5792
5794
5795
5796
5797
5800
5802
5807
5810
5811
5818
5819
5820
5824
5826
5827
5829
5830
5839
5876
5883
5886
5887
5894
5898
5901
5911
5913
5918
5918
5922
5923
5931
5936
5941
5946
5951
5952
5953
5957
5962
5973
5973
5974
5975
5975
5979
5980
5982
5982
5986
5987
5998
6004
6006
6006
6007
6017
6020
6028
6035
6040
6043
6048
6049
6059
6060
6062
6067
6071
6074
6076
6077
6077
6083
6098
6107
6107
6108
6114
6119
6120
6126
6126
6129
6134
6138
6141
6142
6143
6145
6149
6150
6151
6159
6168
6177
6182
6184
6185
6186
6186
6186
6188
6190
6200
6201
6206
6208
6208
6209
6211
6212
6213
6217
6219
6222
6226
6226
6237
6239
6255
6257
6259
6259
6260
6266
6271
6274
6275
6280
6280
6284
6289
6303
6303
6309
6311
6316
6317
6320
6321
6322
6324
6325
6326
6328
6330
6333
6336
6339
6340
6352
6362
6364
6367
6367
6371
6372
6374
6380
6383
6383
6395
6397
6401
6405
6407
6412
6413
6414
6416
6417
6418
6429
6433
6434
6434
6435
6439
6443
6444
6446
6448
6451
6453
6456
6456
6456
6458
6459
6464
6466
6466
6466
6467
6471
6474
6481
6486
6487
6488
6491
6491
6493
6495
6495
6496
6498
6508
6510
6512
6513
6515
6515
6517
6518
6521
6521
6522
6522
6524
6526
6528
6529
6531
6532
6533
6534
6535
6535
6537
6540
6541
6543
6545
6547
6552
6560
6561
6567
6569
6572
6582
6584
6584
6587
6589
6591
6592
6608
6608
6617
6626
6627
6633
6636
6647
6649
6650
6654
6656
6661
6673
6673
6673
6680
6683
6684
6692
6693
6693
6694
6695
6695
6696
6697
6697
6698
6706
6713
6723
6725
6726
6731
6736
6739
6755
6756
6756
6765
6769
6770
6775
6780
6781
6782
6782
6797
6800
6800
6801
6802
6803
6805
6806
6808
6810
6811
6819
6821
6822
6823
6831
6832
6837
6838
6842
6844
6845
6856
6860
6861
6861
6862
6864
6865
6866
6867
6870
6873
6874
6874
6874
6875
6877
6884
6894
6896
6899
6901
6904
6907
6911
6912
6914
6916
6918
6918
6925
6928
6935
6936
6937
6938
6941
6946
6950
6953
6956
6962
6963
6966
6969
6973
6974
6974
6975
6981
6984
6985
6988
6990
6990
6991
6997
6998
7004
7004
7008
7012
7012
7019
7028
7029
7030
7030
7037
7048
7051
7056
7057
7058
7063
7075
7075
7076
7081
7082
7084
7085
7085
7097
7101
7105
7105
7109
7110
7112
7115
7115
7116
7123
7130
7132
7133
7136
7140
7141
7145
7163
7169
7169
7171
7176
7178
7187
7188
7188
7189
7198
7203
7205
7207
7209
7210
7211
7214
7222
7230
7230
7234
7238
7243
7244
7245
7245
7250
7258
7259
7263
7264
7270
7273
7281
7282
7289
7289
7292
7303
7305
7312
7316
7320
7323
7325
7325
7327
7328
7334
7335
7336
7338
7342
7345
7356
7358
7358
7364
7366
7370
7372
7373
7378
7385
7388
7394
7395
7398
7405
7410
7411
7422
7428
7429
7430
7430
7431
7438
7440
7444
7445
7447
7449
7458
7460
7461
7468
7474
7488
7489
7490
7491
7493
7503
7503
7517
7520
7524
7527
7534
7538
7540
7550
7565
7566
7570
7573
7573
7573
7581
7583
7591
7599
7600
7600
7606
7607
7612
7613
7614
7624
7636
7640
7640
7641
7642
7642
7643
7650
7655
7660
7661
7665
7668
7668
7674
7675
7677
7678
7679
7679
7680
7683
7684
7684
7689
7693
7694
7695
7702
7703
7706
7712
7712
7712
7715
7718
7721
7724
7733
7745
7753
7759
7760
7765
7772
7781
7783
7792
7793
7799
7800
7801
7811
7811
7813
7819
7821
7823
7836
7837
7843
7844
7852
7855
7856
7861
7862
7874
7876
7876
7877
7878
7879
7880
7883
7893
7893
7896
7897
7898
7907
7907
7909
7920
7921
7926
7935
7935
7937
7938
7939
7943
7948
7954
7962
7965
7970
7973
7979
7981
7981
7989
7994
7995
8006
8008
8014
8019
8020
8022
8023
8031
8031
8034
8037
8039
8042
8043
8047
8048
8049
8049
8056
8068
8068
8070
8071
8080
8085
8087
8091
8091
8094
8096
8099
8114
8118
8122
8127
8128
8131
8134
8142
8150
8156
8157
8164
8168
8169
8170
8171
8174
8174
8185
8189
8192
8193
8194
8194
8196
8196
8198
8202
8203
8204
8206
8207
8212
8214
8214
8214
8219
8222
8223
8229
8232
8232
8234
8237
8240
8240
8246
8252
8253
8254
8255
8256
8256
8257
8258
8258
8271
8276
8278
8278
8282
8285
8285
8288
8289
8296
8298
8306
8311
8312
8314
8319
8320
8321
8325
8330
8332
8332
8338
8344
8347
8350
8357
8358
8359
8362
8366
8367
8367
8368
8374
8374
8375
8379
8384
8385
8392
8395
8398
8404
8405
8406
8408
8414
8416
8419
8431
8434
8435
8440
8444
8449
8449
8454
8463
8467
8468
8468
8471
8477
8480
8480
8492
8495
8496
8499
8502
8507
8508
8517
8522
8526
8541
8541
8548
8551
8553
8556
8558
8558
8566
8569
8572
8574
8590
8592
8592
8596
8600
8604
8605
8606
8606
8607
8609
8617
8617
8620
8622
8625
8629
8634
8638
8639
8646
8647
8651
8656
8656
8657
8658
8658
8659
8667
8668
8668
8669
8670
8672
8677
8690
8694
8699
8704
8709
8711
8711
8711
8715
8715
8720
8721
8728
8729
8732
8734
8737
8737
8741
8743
8743
8762
8763
8764
8767
8771
8772
8778
8785
8786
8786
8788
8791
8794
8797
8803
8821
8829
8832
8837
8840
8841
8842
8847
8848
8849
8852
8856
8858
8876
8877
8882
8885
8891
8895
8898
8904
8909
8910
8914
8914
8917
8920
8925
8926
8928
8929
8930
8932
8935
8940
8947
8949
8953
8954
8958
8960
8961
8961
8962
8970
8973
8975
8982
8983
8986
8988
8992
8999
9000
9007
9009
9011
9011
9015
9015
9016
9017
9018
9021
9026
9029
9031
9036
9036
9039
9041
9042
9043
9044
9045
9053
9054
9055
9058
9059
9061
9073
9074
9076
9076
9081
9083
9085
9086
9089
9089
9093
9097
9098
9100
9100
9106
9107
9114
9122
9122
9124
9126
9132
9135
9135
9135
9136
9148
9154
9156
9158
9160
9162
9167
9169
9170
9174
9178
9181
9182
9184
9188
9191
9195
9198
9209
9212
9212
9213
9215
9216
9219
9225
9226
9228
9228
9229
9230
9241
9241
9245
9250
9252
9256
9257
9270
9281
9282
9293
9296
9298
9302
9308
9309
9325
9329
9330
9337
9338
9340
9341
9342
9342
9347
9351
9351
9352
9360
9361
9366
9369
9370
9371
9373
9374
9382
9385
9386
9391
9391
9393
9396
9402
9405
9410
9419
9419
9423
9427
9428
9433
9436
9437
9441
9449
9452
9454
9460
9462
9465
9469
9472
9472
9481
9483
9484
9484
9485
9489
9493
9494
9502
9507
9508
9509
9515
9529
9534
9536
9540
9541
9545
9550
9551
9558
9564
9564
9569
9571
9571
9573
9578
9582
9583
9586
9589
9595
9604
9614
9620
9621
9621
9621
9625
9627
9631
9640
9641
9645
9647
9647
9648
9649
9654
9657
9660
9662
9664
9668
9670
9682
9690
9692
9692
9694
9695
9700
9702
9706
9709
9711
9716
9716
9716
9717
9720
9722
9724
9729
9732
9739
9740
9740
9744
9747
9748
9753
9755
9755
9758
9758
9759
9762
9767
9768
9774
9775
9784
9785
9787
9788
9788
9788
9789
9793
9812
9814
9815
9817
9820
9824
9824
9824
9826
9831
9841
9846
9849
9849
9852
9853
9854
9855
9861
9864
9866
9868
9871
9871
9873
9876
9877
9880
9882
9887
9888
9899
9900
9901
9902
9906
9911
9913
9925
9928
9941
9947
9950
9953
9964
9964
9970
9970
9976
9978
9981
9986
9991
9991
9995
10001
10004
10005
10005
10013
10019
10022
10029
10040
10043
10051
10052
10053
10056
10058
10061
10065
10071
10072
10072
10072
10073
10074
10078
10079
10084
10087
10090
10094
10109
10115
10115
10119
10121
10128
10135
10144
10146
10148
10150
10153
10158
10160
10160
10163
10163
10174
10177
10182
10183
10183
10185
10189
10191
10203
10205
10211
10219
10221
10225
10226
10228
10230
10235
10242
10242
10251
10255
10273
10274
10281
10281
10282
10287
10288
10291
10296
10303
10305
10306
10309
10314
10317
10325
10327
10327
10339
10344
10347
10348
10348
10352
10363
10363
10366
10371
10376
10388
10388
10399
10400
10406
10407
10416
10416
10418
10420
10424
10428
10430
10431
10433
10434
10438
10439
10442
10443
10446
10449
10450
10460
10464
10466
10469
10471
10472
10473
10473
10474
10477
10480
10482
10487
10489
10492
10497
10497
10499
10510
10515
10518
10522
10523
10526
10533
10541
10552
10556
10556
10562
10563
10564
10571
10572
10573
10574
10574
10579
10581
10585
10590
10595
10600
10607
10611
10613
10613
10616
10619
10622
10626
10626
10627
10628
10629
10633
10633
10648
10648
10650
10654
10659
10662
10663
10665
10666
10667
10667
10670
10674
10690
10691
10693
10694
10699
10703
10703
10704
10708
10712
10722
10729
10733
10736
10737
10744
10745
10750
10756
10758
10765
10765
10769
10769
10773
10776
10780
10782
10790
10792
10793
10801
10807
10808
10811
10817
10820
10820
10822
10826
10826
10830
10838
10839
10847
10848
10853
10855
10856
10859
10866
10866
10868
10876
10887
10891
10892
10897
10900
10901
10903
10905
10909
10910
10910
10912
10914
10921
10922
10928
10928
10942
10945
10948
10964
10965
10970
10971
10972
10973
10979
10980
10980
10986
10990
10993
11000
11002
11004
11006
11007
11013
11013
11014
11021
11030
11032
11034
11035
11044
11049
11052
11054
11055
11060
11065
11069
11069
11074
11079
11085
11088
11092
11093
11093
11101
11105
11107
11107
11114
11114
11114
11117
11119
11122
11127
11128
11132
11134
11141
11143
11144
11147
11151
11153
11153
11160
11164
11166
11169
11170
11176
11176
11181
11182
11201
11206
11218
11219
11220
11227
11232
11233
11234
11239
11247
11254
11255
11256
11265
11268
11270
11271
11276
11276
11277
11280
11282
11290
11290
11299
11303
11304
11319
11321
11322
11324
11327
11329
11330
11337
11338
11342
11348
11348
11355
11362
11364
11367
11369
11369
11372
11374
11376
11380
11384
11391
11397
11402
11403
11403
11404
11411
11412
11420
11420
11424
11424
11426
11433
11437
11439
11443
11445
11454
11457
11457
11462
11468
11470
11471
11472
11481
11487
11487
11491
11493
11497
11500
11502
11504
11508
11517
11521
11523
11527
11530
11536
11543
11544
11553
11555
11555
11557
11558
11560
11561
11578
11583
11584
11587
11593
11595
11607
11610
11623
11629
11629
11634
11636
11642
11642
11644
11651
11652
11661
11664
11664
11665
11668
11668
11672
11674
11678
11686
11688
11690
11705
11708
11709
11712
11713
11715
11715
11719
11720
11720
11725
11726
11731
11733
11735
11739
11741
11742
11752
11758
11761
11770
11773
11774
11775
11776
11780
11782
11782
11787
11787
11790
11801
11804
11809
11813
11818
11823
11823
11826
11828
11830
11835
11836
11846
11848
11853
11854
11856
11856
11861
11863
11864
11865
11865
11869
11872
11872
11872
11876
11878
11881
11881
11881
11882
11882
11894
11900
11903
11905
11905
11908
11908
11909
11914
11915
11917
11925
11925
11934
11935
11937
11937
11943
11943
11944
11944
11945
11945
11946
11950
11957
11964
11966
11967
11968
11968
11968
11970
11974
11975
11977
11979
11980
11980
11981
11981
11983
11986
11988
11994
11996
12002
12013
12013
12016
12018
12019
12019
12025
12033
12037
12037
12039
12041
12044
12050
12052
12058
12060
12060
12076
12078
12082
12085
12092
12094
12095
12095
12101
12103
12103
12106
12107
12108
12110
12111
12113
12116
12118
12124
12124
12128
12133
12136
12141
12144
12145
12155
12162
12171
12171
12174
12174
12183
12184
12189
12192
12194
12203
12205
12207
12208
12209
12211
12213
12214
12215
12219
12221
12222
12222
12223
12226
12227
12231
12232
12233
12243
12247
12247
12252
12253
12255
12255
12256
12260
12269
12271
12285
12289
12293
12296
12299
12299
12301
12304
12310
12310
12314
12315
12316
12324
12327
12330
12334
12337
12342
12342
12349
12354
12355
12360
12363
12366
12366
12376
12377
12378
12381
12382
12396
12401
12405
12408
12409
12409
12412
12413
12414
12415
12419
12421
12426
12426
12428
12431
12433
12433
12434
12434
12435
12436
12440
12441
12441
12441
12442
12442
12443
12448
12449
12451
12456
12458
12466
12466
12468
12471
12472
12477
12479
12479
12492
12495
12495
12495
12495
12502
12530
12536
12539
12542
12542
12544
12548
12551
12554
12555
12555
12556
12558
12558
12566
12567
12570
12570
12571
12581
12587
12587
12588
12594
12598
12598
12599
12613
12613
12617
12619
12620
12624
12629
12629
12630
12631
12633
12643
12650
12653
12655
12656
12669
12672
12673
12674
12674
12678
12679
12683
12693
12693
12694
12696
12699
12702
12705
12709
12711
12714
12716
12718
12719
12721
12728
12731
12733
12735
12737
12741
12742
12743
12744
12748
12752
12753
12757
12758
12759
12760
12762
12762
12767
12776
12780
12780
12783
12783
12784
12798
12800
12801
12804
12806
12809
12813
12819
12833
12836
12843
12844
12847
12849
12855
12856
12860
12865
12870
12876
12877
12890
12891
12897
12905
12907
12910
12911
12917
12918
12921
12921
12930
12930
12934
12937
12939
12942
12947
12950
12955
12957
12958
12959
12962
12964
12966
12972
12974
12977
12988
12990
13000
13000
13002
13005
13007
13010
13016
13016
13018
13029
13030
13033
13036
13036
13041
13042
13044
13046
13047
13049
13052
13054
13056
13058
13064
13064
13068
13078
13080
13093
13093
13093
13095
13099
13100
13105
13108
13113
13113
13114
13115
13117
13121
13126
13137
13147
13150
13166
13171
13175
13175
13176
13178
13185
13186
13186
13187
13188
13188
13189
13190
13190
13193
13208
13211
13219
13222
13226
13228
13229
13230
13230
13230
13231
13231
13231
13237
13246
13246
13256
13257
13262
13269
13276
13280
13282
13283
13294
13294
13300
13303
13304
13309
13310
13313
13317
13321
13321
13322
13327
13331
13345
13350
13354
13355
13366
13368
13370
13372
13372
13376
13380
13386
13388
13391
13394
13395
13398
13399
13403
13404
13404
13409
13410
13418
13424
13426
13431
13431
13433
13433
13438
13438
13439
13441
13441
13442
13447
13450
13450
13455
13459
13459
13464
13465
13467
13470
13472
13476
13477
13480
13482
13487
13489
13494
13501
13504
13505
13510
13517
13520
13523
13525
13525
13526
13526
13527
13536
13541
13543
13545
13547
13548
13552
13554
13560
13562
13568
13574
13574
13574
13576
13576
13577
13579
13587
13588
13588
13592
13592
13593
13608
13608
13612
13616
13621
13622
13629
13635
13638
13643
13645
13646
13647
13649
13650
13651
13657
13659
13660
13663
13669
13670
13674
13682
13687
13690
13695
13702
13702
13704
13705
13709
13710
13713
13716
13716
13718
13719
13725
13729
13731
13732
13736
13737
13739
13740
13740
13742
13749
13753
13755
13765
13767
13769
13769
13774
13778
13780
13781
13782
13790
13790
13791
13792
13792
13794
13814
13815
13823
13826
13855
13858
13858
13864
13872
13873
13878
13880
13888
13895
13899
13904
13904
13907
13919
13920
13923
13925
13927
13933
13944
13944
13944
13946
13948
13950
13953
13961
13962
13964
13965
13965
13965
13968
13987
13987
13988
13994
13995
13997
13998
13998
14001
14002
14005
14015
14020
14020
14024
14028
14030
14031
14039
14041
14042
14044
14045
14049
14049
14068
14072
14074
14075
14075
14078
14080
14084
14086
14086
14088
14100
14101
14103
14109
14110
14110
14111
14112
14117
14120
14121
14123
14123
14125
14131
14134
14136
14137
14139
14143
14145
14147
14153
14154
14155
14158
14158
14160
14164
14166
14173
14177
14182
14183
14186
14187
14188
14188
14189
14189
14190
14194
14201
14202
14206
14210
14210
14210
14214
14215
14220
14221
14223
14225
14231
14233
14233
14234
14247
14250
14255
14264
14273
14273
14274
14281
14282
14290
14292
14294
14296
14297
14297
14298
14301
14305
14308
14309
14322
14329
14344
14345
14345
14348
14356
14370
14374
14376
14380
14382
14386
14390
14392
14394
14395
14396
14400
14401
14402
14403
14404
14410
14413
14416
14417
14418
14423
14425
14426
14429
14429
14431
14431
14439
14442
14443
14443
14447
14449
14453
14456
14463
14467
14467
14467
14472
14472
14480
14482
14485
14487
14489
14490
14493
14495
14495
14502
14506
14510
14512
14516
14516
14518
14519
14531
14534
14540
14542
14542
14543
14546
14548
14551
14554
14559
14560
14565
14565
14570
14583
14584
14585
14590
14595
14595
14596
14598
14599
14600
14607
14608
14609
14609
14610
14613
14617
14618
14618
14625
14629
14630
14633
14634
14635
14637
14637
14638
14641
14641
14647
14649
14651
14651
14655
14669
14677
14679
14683
14685
14689
14689
14692
14694
14697
14700
14701
14702
14702
14706
14709
14714
14718
14720
14724
14732
14733
14735
14739
14740
14741
14743
14744
14745
14755
14756
14757
14758
14761
14762
14768
14771
14771
14774
14777
14780
14781
14787
14793
14794
14795
14796
14800
14802
14802
14803
14805
14805
14805
14807
14808
14808
14815
14819
14826
14826
14829
14830
14831
14834
14840
14841
14843
14853
14854
14854
14862
14866
14866
14870
14872
14874
14874
14878
14880
14888
14891
14896
14897
14898
14901
14909
14914
14922
14929
14930
14931
14938
14938
14940
14940
14943
14943
14945
14948
14949
14949
14950
14950
14950
14952
14956
14958
14959
14961
14966
14972
14975
14977
14987
14988
14988
14997
15000
15002
15007
15009
15009
15011
15012
15013
15017
15026
15031
15034
15035
15057
15062
15064
15070
15071
15072
15076
15078
15079
15080
15082
15086
15086
15089
15089
15093
15094
15097
15102
15105
15107
15108
15112
15118
15119
15123
15133
15133
15134
15136
15141
15142
15143
15151
15155
15155
15155
15161
15163
15163
15164
15174
15175
15178
15179
15180
15182
15183
15187
15187
15190
15191
15194
15197
15199
15205
15206
15211
15219
15220
15221
15232
15232
15234
15239
15240
15244
15245
15247
15247
15250
15253
15255
15255
15258
15259
15265
15267
15270
15274
15276
15284
15285
15289
15290
15290
15292
15292
15293
15295
15300
15307
15310
15314
15315
15316
15317
15318
15319
15321
15324
15325
15327
15330
15330
15335
15338
15341
15344
15349
15350
15350
15352
15355
15360
15366
15369
15370
15378
15379
15379
15385
15387
15389
15393
15397
15399
15407
15418
15419
15419
15425
15428
15438
15443
15444
15445
15450
15453
15454
15455
15456
15458
15458
15460
15460
15460
15461
15462
15469
15470
15473
15476
15484
15485
15489
15490
15491
15493
15495
15495
15499
15500
15501
15513
15517
15519
15520
15527
15528
15528
15533
15533
15537
15545
15547
15549
15551
15555
15558
15561
15562
15567
15575
15583
15588
15590
15590
15592
15596
15600
15600
15608
15616
15617
15620
15622
15627
15627
15630
15633
15635
15640
15640
15640
15647
15650
15653
15654
15655
15657
15658
15660
15665
15670
15677
15677
15683
15684
15685
15688
15689
15689
15691
15693
15694
15696
15700
15700
15702
15702
15708
15713
15714
15717
15717
15718
15724
15724
15727
15727
15729
15730
15730
15732
15736
15737
15739
15744
15744
15746
15755
15757
15758
15762
15767
15769
15769
15772
15780
15781
15784
15784
15786
15790
15792
15796
15805
15809
15810
15813
15823
15825
15827
15829
15833
15837
15839
15842
15847
15854
15862
15863
15875
15879
15890
15892
15893
15893
15894
15897
15901
15906
15909
15909
15911
15915
15916
15917
15917
15918
15921
15924
15927
15931
15931
15937
15937
15941
15943
15943
15946
15947
15952
15952
15954
15957
15962
15970
15983
15987
15988
15995
16002
16004
16006
16007
16019
16027
16028
16029
16029
16029
16040
16043
16045
16050
16062
16065
16073
16074
16077
16090
16093
16093
16093
16097
16106
16107
16107
16109
16109
16113
16113
16118
16128
16134
16141
16141
16150
16152
16152
16152
16152
16154
16154
16155
16156
16160
16163
16167
16171
16172
16176
16177
16185
16188
16192
16197
16209
16210
16211
16213
16213
16215
16219
16220
16223
16224
16230
16234
16236
16239
16242
16254
16257
16258
16259
16270
16271
16273
16275
16277
16278
16279
16294
16296
16296
16299
16302
16303
16306
16307
16308
16310
16312
16314
16322
16322
16322
16323
16323
16325
16335
16338
16343
16344
16347
16350
16357
16361
16362
16362
16364
16365
16367
16369
16371
16373
16378
16382
16388
16392
16394
16400
16410
16414
16420
16420
16427
16427
16440
16443
16443
16448
16454
16458
16465
16465
16470
16474
16477
16478
16482
16490
16497
16504
16506
16506
16522
16522
16524
16528
16528
16531
16537
16538
16542
16544
16545
16551
16553
16567
16574
16576
16577
16581
16583
16586
16588
16595
16605
16608
16616
16617
16622
16623
16628
16634
16638
16644
16645
16651
16653
16654
16657
16663
16666
16667
16668
16675
16679
16680
16682
16686
16690
16691
16692
16697
16699
16709
16711
16713
16721
16721
16721
16722
16726
16728
16733
16733
16734
16736
16744
16748
16750
16750
16752
16768
16770
16772
16777
16783
16787
16787
16788
16799
16800
16805
16805
16807
16808
16810
16811
16818
16819
16820
16825
16826
16827
16829
16830
16833
16835
16841
16842
16842
16843
16864
16869
16876
16878
16879
16879
16883
16884
16886
16896
16900
16901
16904
16906
16912
16914
16917
16917
16928
16935
16939
16941
16943
16944
16945
16949
16952
16955
16958
16960
16961
16961
16962
16970
16970
16970
16977
16977
16980
16981
16982
16982
16984
16986
16986
16990
16995
16995
16995
16996
16998
17000
17006
17007
17007
17018
17018
17020
17028
17029
17031
17034
17042
17043
17044
17047
17055
17066
17068
17075
17078
17079
17083
17087
17091
17092
17093
17096
17097
17111
17113
17116
17119
17120
17121
17122
17125
17127
17127
17130
17138
17141
17144
17144
17145
17145
17147
17148
17148
17149
17151
17151
17154
17163
17164
17165
17169
17171
17174
17183
17185
17186
17187
17193
17198
17200
17202
17210
17214
17226
17231
17231
17235
17235
17237
17244
17255
17257
17260
17261
17262
17267
17272
17273
17287
17289
17293
17293
17295
17297
17298
17306
17322
17329
17334
17335
17339
17342
17342
17342
17344
17346
17347
17355
17357
17361
17361
17362
17363
17365
17366
17366
17367
17371
17377
17380
17385
17387
17394
17404
17408
17408
17416
17428
17430
17431
17434
17434
17437
17441
17446
17447
17448
17448
17452
17457
17460
17460
17469
17469
17469
17471
17471
17472
17473
17477
17477
17485
17489
17495
17498
17498
17501
17504
17508
17508
17511
17512
17514
17521
17522
17523
17525
17526
17527
17528
17529
17539
17545
17548
17551
17551
17552
17560
17561
17566
17567
17575
17577
17577
17582
17589
17598
17601
17602
17604
17606
17613
17614
17618
17620
17626
17627
17630
17634
17637
17649
17653
17656
17657
17659
17662
17662
17669
17671
17672
17687
17687
17700
17706
17706
17708
17712
17713
17714
17719
17719
17721
17728
17729
17729
17735
17737
17739
17744
17755
17758
17759
17759
17760
17763
17775
17777
17781
17784
17784
17786
17792
17793
17794
17801
17802
17803
17806
17806
17806
17808
17808
17809
17810
17810
17811
17813
17814
17816
17820
17822
17823
17823
17824
17826
17831
17834
17838
17844
17846
17855
17859
17864
17866
17866
17867
17869
17870
17871
17878
17883
17885
17887
17889
17892
17893
17896
17902
17904
17911
17915
17917
17917
17922
17924
17924
17925
17927
17929
17930
17936
17940
17948
17949
17949
17949
17951
17957
17959
17963
17963
17963
17965
17970
17975
17976
17982
17983
17983
17984
17986
17993
17994
17998
18003
18005
18005
18007
18009
18011
18015
18019
18025
18028
18034
18037
18044
18046
18048
18059
18059
18060
18062
18063
18066
18066
18067
18071
18079
18094
18096
18096
18098
18102
18107
18109
18111
18119
18120
18128
18133
18133
18136
18137
18139
18144
18147
18148
18149
18151
18151
18151
18157
18158
18160
18166
18167
18172
18174
18182
18190
18191
18194
18199
18204
18208
18208
18212
18214
18216
18226
18227
18231
18237
18244
18252
18256
18260
18261
18264
18266
18274
18275
18278
18285
18289
18292
18292
18293
18295
18296
18300
18300
18300
18301
18310
18314
18317
18320
18321
18323
18326
18328
18332
18332
18333
18334
18335
18337
18340
18341
18349
18353
18354
18357
18359
18362
18365
18366
18372
18373
18376
18377
18379
18383
18385
18389
18389
18393
18395
18408
18413
18413
18414
18417
18418
18419
18425
18430
18451
18453
18455
18461
18462
18469
18470
18470
18472
18478
18480
18481
18482
18494
18495
18497
18497
18498
18498
18499
18500
18502
18504
18515
18521
18521
18522
18526
18527
18528
18529
18530
18531
18536
18541
18542
18545
18554
18556
18564
18566
18566
18570
18572
18572
18578
18579
18580
18584
18590
18592
18594
18597
18600
18605
18605
18614
18614
18617
18620
18623
18623
18631
18631
18633
18644
18644
18644
18647
18649
18649
18652
18652
18660
18660
18662
18662
18665
18665
18674
18678
18679
18680
18686
18697
18697
18701
18703
18706
18706
18711
18717
18724
18726
18730
18732
18735
18739
18744
18746
18750
18754
18754
18754
18764
18766
18767
18775
18779
18784
18786
18790
18790
18792
18793
18794
18804
18804
18808
18812
18814
18814
18816
18818
18818
18822
18828
18831
18834
18835
18835
18838
18842
18844
18844
18845
18845
18848
18850
18853
18854
18856
18857
18857
18858
18863
18865
18870
18870
18873
18880
18883
18889
18891
18895
18896
18899
18901
18904
18909
18909
18910
18912
18913
18915
18918
18921
18929
18938
18939
18941
18941
18942
18945
18947
18954
18960
18964
18968
18971
18973
18976
18984
18988
18992
18996
19001
19006
19007
19016
19023
19033
19037
19038
19042
19044
19045
19045
19046
19060
19064
19066
19073
19073
19074
19083
19092
19102
19104
19107
19110
19115
19126
19129
19130
19130
19135
19139
19144
19146
19147
19147
19147
19148
19151
19156
19157
19158
19159
19162
19166
19167
19172
19175
19181
19187
19193
19197
19199
19200
19206
19208
19210
19212
19215
19221
19222
19222
19223
19223
19223
19224
19225
19226
19228
19235
19251
19264
19265
19267
19267
19273
19277
19281
19284
19286
19286
19287
19289
19290
19294
19295
19296
19300
19305
19306
19306
19313
19313
19315
19315
19320
19321
19321
19321
19323
19325
19326
19329
19332
19334
19334
19343
19348
19351
19353
19357
19373
19375
19383
19384
19384
19408
19409
19412
19412
19418
19422
19427
19430
19441
19445
19448
19454
19458
19460
19462
19464
19465
19465
19469
19469
19470
19470
19473
19475
19479
19480
19485
19488
19489
19490
19499
19503
19505
19507
19507
19510
19514
19517
19518
19519
19521
19527
19529
19535
19538
19541
19542
19547
19547
19548
19549
19550
19556
19557
19562
19562
19562
19564
19573
19582
19597
19604
19604
19606
19609
19611
19627
19629
19638
19641
19646
19647
19653
19657
19658
19672
19690
19694
19695
19696
19700
19701
19710
19714
19725
19728
19734
19736
19747
19749
19749
19757
19759
19761
19762
19765
19770
19770
19776
19782
19791
19798
19804
19804
19805
19810
19814
19817
19820
19825
19828
19837
19843
19860
19866
19866
19877
19878
19881
19887
19888
19891
19899
19904
19908
19909
19913
19913
19913
19916
19916
19921
19922
19924
19930
19933
19935
19937
19945
19950
19952
19956
19960
19964
19967
19970
19971
19975
19976
19977
19981
19987
19987
19988
19990
19992
19996
19998
20001
20003
20004
20005
20005
20012
20019
20021
20024
20025
20028
20030
20035
20040
20041
20041
20046
20046
20048
20055
20056
20058
20058
20062
20063
20066
20067
20068
20069
20071
20072
20075
20081
20097
20098
20099
20103
20107
20107
20110
20115
20118
20119
20123
20124
20130
20131
20133
20138
20139
20151
20159
20163
20167
20168
20168
20172
20174
20178
20181
20183
20189
20190
20190
20193
20200
20201
20211
20212
20217
20218
20220
20221
20227
20231
20232
20232
20237
20242
20244
20246
20248
20251
20251
20255
20256
20257
20261
20262
20263
20263
20264
20278
20279
20286
20287
20290
20299
20312
20315
20316
20317
20319
20323
20324
20328
20329
20331
20335
20338
20339
20340
20341
20344
20346
20347
20350
20355
20356
20356
20356
20357
20360
20361
20363
20367
20371
20371
20376
20379
20382
20384
20391
20392
20392
20392
20400
20405
20405
20406
20407
20415
20424
20425
20429
20430
20432
20432
20434
20435
20435
20435
20436
20437
20437
20439
20440
20441
20448
20449
20449
20450
20451
20451
20464
20466
20468
20473
20478
20480
20481
20492
20493
20493
20494
20499
20499
20500
20504
20507
20514
20515
20520
20525
20528
20530
20531
20532
20533
20535
20535
20540
20540
20541
20541
20550
20566
20567
20568
20570
20572
20573
20574
20577
20577
20592
20593
20594
20595
20596
20598
20601
20605
20608
20609
20617
20622
20633
20639
20640
20644
20649
20650
20654
20654
20657
20665
20668
20669
20675
20680
20680
20681
20682
20683
20687
20687
20688
20688
20688
20689
20690
20697
20699
20701
20704
20710
20713
20715
20721
20721
20724
20726
20727
20728
20730
20731
20732
20733
20733
20738
20738
20745
20749
20754
20755
20756
20757
20758
20770
20776
20776
20778
20791
20793
20797
20799
20816
20818
20822
20823
20826
20829
20832
20834
20837
20838
20839
20841
20844
20851
20857
20860
20862
20864
20874
20875
20888
20891
20895
20896
20900
20916
20918
20920
20923
20924
20924
20926
20941
20941
20954
20956
20965
20968
20970
20972
20974
20976
20978
20979
20981
20982
20989
20989
20991
20993
21002
21008
21008
21010
21016
21016
21018
21021
21024
21027
21030
21034
21042
21042
21045
21048
21048
21048
21048
21049
21061
21062
21079
21081
21083
21086
21087
21088
21090
21092
21098
21100
21100
21101
21105
21108
21108
21109
21112
21114
21119
21122
21124
21139
21140
21140
21140
21142
21153
21154
21155
21156
21157
21158
21158
21160
21161
21172
21173
21173
21175
21176
21179
21185
21198
21205
21219
21220
21221
21225
21226
21230
21231
21231
21239
21240
21241
21246
21247
21249
21250
21251
21253
21266
21267
21269
21272
21273
21280
21283
21285
21287
21289
21289
21304
21304
21309
21309
21309
21311
21312
21313
21314
21315
21320
21322
21328
21328
21338
21342
21342
21343
21346
21347
21349
21349
21352
21361
21363
21368
21371
21373
21373
21379
21384
21390
21391
21392
21401
21401
21402
21403
21405
21407
21414
21415
21418
21421
21427
21428
21436
21437
21438
21440
21442
21448
21449
21451
21451
21455
21456
21457
21458
21459
21464
21466
21467
21468
21474
21482
21484
21490
21496
21506
21506
21507
21511
21512
21516
21520
21521
21521
21524
21527
21528
21537
21540
21541
21543
21545
21550
21550
21552
21556
21561
21562
21566
21567
21567
21577
21584
21584
21593
21597
21601
21605
21606
21607
21609
21610
21610
21610
21611
21613
21619
21621
21624
21629
21632
21632
21639
21641
21644
21647
21650
21650
21650
21654
21655
21657
21658
21660
21660
21660
21665
21669
21673
21675
21677
21679
21681
21681
21684
21689
21693
21694
21697
21698
21699
21700
21701
21701
21702
21703
21706
21706
21707
21710
21713
21730
21732
21736
21738
21741
21743
21750
21755
21758
21758
21759
21761
21762
21763
21763
21768
21772
21773
21773
21782
21785
21791
21794
21797
21798
21804
21808
21813
21817
21818
21820
21825
21828
21833
21834
21837
21838
21847
21847
21852
21854
21855
21856
21858
21862
21870
21872
21873
21882
21882
21885
21888
21889
21896
21902
21903
21905
21906
21906
21914
21916
21921
21929
21931
21932
21932
21932
21947
21947
21948
21950
21954
21960
21965
21967
21970
21978
21978
21982
21988
21990
21991
21991
21993
21997
22002
22003
22003
22015
22016
22018
22021
22021
22024
22027
22032
22037
22037
22040
22042
22045
22050
22059
22062
22063
22065
22065
22071
22071
22071
22073
22073
22078
22079
22079
22080
22081
22086
22087
22097
22098
22100
22101
22103
22105
22106
22107
22109
22110
22112
22112
22114
22114
22118
22124
22126
22127
22131
22133
22136
22137
22143
22143
22146
22146
22147
22153
22157
22157
22164
22165
22171
22171
22177
22195
22202
22203
22210
22213
22224
22228
22230
22231
22235
22237
22237
22238
22239
22243
22246
22248
22248
22250
22251
22255
22273
22278
22285
22287
22289
22294
22303
22304
22309
22322
22322
22324
22324
22327
22332
22337
22337
22337
22345
22354
22355
22357
22358
22361
22362
22367
22372
22375
22375
22378
22380
22383
22388
22389
22392
22395
22401
22402
22406
22411
22413
22414
22415
22418
22425
22432
22438
22445
22445
22446
22447
22451
22454
22458
22458
22464
22466
22468
22471
22471
22477
22483
22484
22484
22488
22491
22491
22509
22513
22514
22514
22515
22518
22520
22526
22533
22536
22536
22549
22552
22556
22556
22562
22565
22565
22569
22570
22571
22574
22575
22576
22578
22580
22582
22583
22588
22591
22593
22596
22597
22597
22608
22610
22611
22612
22622
22623
22627
22628
22628
22630
22632
22632
22634
22637
22645
22649
22652
22666
22666
22677
22679
22686
22688
22689
22692
22694
22696
22696
22704
22705
22712
22717
22720
22721
22722
22722
22728
22732
22739
22740
22742
22769
22775
22780
22782
22783
22785
22788
22788
22789
22790
22794
22796
22796
22797
22797
22807
22810
22823
22832
22833
22838
22841
22846
22848
22858
22859
22860
22861
22861
22871
22871
22873
22876
22877
22877
22878
22879
22880
22882
22882
22891
22892
22895
22896
22897
22898
22905
22912
22912
22916
22916
22922
22927
22929
22931
22932
22942
22949
22964
22965
22980
22988
22988
22994
23001
23003
23005
23006
23006
23009
23010
23011
23011
23012
23012
23013
23013
23015
23020
23023
23030
23032
23032
23036
23036
23039
23039
23046
23047
23048
23055
23057
23060
23063
23065
23068
23072
23073
23076
23076
23086
23087
23091
23093
23094
23096
23099
23103
23109
23113
23119
23123
23126
23132
23138
23139
23148
23149
23150
23150
23154
23158
23163
23166
23167
23172
23179
23183
23186
23186
23187
23194
23198
23198
23210
23214
23214
23216
23224
23230
23231
23231
23238
23238
23238
23241
23243
23249
23255
23259
23282
23287
23287
23291
23294
23296
23300
23303
23305
23306
23307
23309
23316
23318
23323
23330
23333
23333
23336
23340
23350
23353
23356
23358
23362
23365
23366
23367
23370
23375
23381
23384
23391
23392
23408
23408
23409
23412
23418
23420
23420
23421
23426
23427
23428
23429
23430
23431
23449
23450
23465
23467
23470
23473
23485
23491
23495
23495
23502
23505
23509
23516
23516
23525
23528
23528
23529
23530
23530
23532
23541
23549
23550
23554
23561
23563
23567
23572
23574
23581
23586
23595
23595
23596
23599
23600
23604
23606
23607
23609
23613
23619
23622
23622
23624
23626
23626
23626
23627
23627
23629
23635
23644
23647
23649
23659
23662
23662
23668
23677
23681
23684
23689
23689
23690
23691
23693
23693
23693
23698
23698
23699
23700
23703
23704
23707
23712
23719
23721
23725
23728
23729
23729
23730
23734
23736
23738
23738
23739
23744
23748
23751
23751
23751
23751
23752
23752
23756
23767
23771
23773
23774
23776
23778
23782
23784
23784
23786
23793
23796
23796
23798
23799
23801
23801
23802
23809
23814
23815
23817
23818
23820
23830
23831
23835
23836
23837
23840
23840
23842
23850
23850
23854
23861
23864
23867
23869
23874
23874
23875
23876
23880
23881
23890
23897
23899
23902
23920
23922
23935
23948
23948
23952
23952
23967
23975
23981
23982
23985
23991
23995
23997
23997
23998
24003
24006
24006
24007
24018
24020
24020
24020
24026
24027
24029
24033
24033
24037
24038
24039
24042
24046
24047
24052
24052
24057
24077
24083
24084
24089
24091
24096
24097
24100
24102
24105
24115
24117
24117
24119
24119
24121
24128
24131
24133
24135
24138
24138
24143
24144
24146
24151
24153
24161
24161
24165
24167
24168
24168
24168
24170
24170
24176
24180
24186
24190
24193
24195
24196
24197
24198
24199
24201
24206
24208
24210
24213
24214
24221
24222
24229
24230
24234
24234
24235
24237
24243
24243
24245
24245
24246
24250
24256
24260
24263
24263
24266
24269
24271
24273
24278
24278
24278
24283
24283
24286
24291
24291
24295
24296
24299
24300
24304
24304
24306
24307
24307
24308
24313
24315
24319
24320
24320
24322
24323
24327
24328
24330
24336
24348
24351
24351
24353
24358
24360
24369
24369
24377
24383
24397
24399
24402
24405
24410
24411
24412
24415
24420
24420
24421
24422
24422
24433
24433
24435
24436
24436
24436
24440
24441
24446
24448
24458
24485
24488
24497
24497
24508
24510
24515
24515
24528
24533
24534
24537
24541
24544
24546
24548
24549
24554
24558
24560
24567
24568
24572
24573
24579
24580
24582
24585
24590
24592
24593
24602
24610
24612
24616
24617
24622
24630
24637
24638
24652
24655
24657
24659
24660
24661
24661
24665
24668
24669
24672
24673
24679
24683
24685
24695
24695
24695
24698
24698
24703
24713
24735
24737
24740
24745
24747
24748
24749
24756
24763
24769
24769
24771
24773
24775
24777
24789
24798
24804
24808
24817
24831
24834
24837
24840
24842
24843
24846
24850
24863
24863
24865
24870
24871
24881
24882
24882
24882
24883
24883
24889
24891
24891
24893
24895
24906
24915
24924
24929
24930
24931
24931
24932
24936
24940
24946
24946
24961
24962
24964
24967
24974
24976
24977
24982
24990
24994
25002
25006
25012
25020
25021
25022
25026
25034
25034
25038
25039
25039
25040
25041
25041
25042
25043
25053
25056
25056
25058
25059
25060
25065
25068
25071
25073
25075
25078
25085
25085
25085
25091
25107
25108
25110
25110
25114
25118
25125
25129
25130
25132
25139
25141
25141
25143
25147
25147
25150
25151
25151
25153
25166
25170
25182
25184
25187
25188
25194
25196
25198
25205
25206
25208
25210
25210
25211
25212
25212
25214
25216
25219
25222
25224
25226
25228
25230
25231
25237
25241
25245
25249
25251
25252
25252
25253
25260
25262
25264
25267
25273
25273
25273
25275
25280
25282
25285
25287
25294
25296
25298
25299
25308
25309
25313
25318
25325
25327
25327
25331
25333
25333
25337
25339
25339
25341
25343
25343
25345
25345
25346
25347
25349
25360
25361
25363
25366
25367
25367
25369
25371
25371
25371
25375
25375
25377
25382
25384
25385
25388
25388
25396
25401
25407
25409
25412
25413
25413
25416
25419
25423
25424
25432
25448
25451
25453
25459
25463
25464
25471
25473
25478
25480
25481
25481
25491
25493
25498
25498
25506
25510
25513
25514
25514
25515
25518
25519
25526
25527
25527
25528
25536
25541
25547
25551
25556
25558
25564
25567
25568
25571
25575
25581
25581
25589
25590
25590
25591
25593
25607
25611
25612
25621
25624
25625
25628
25628
25629
25637
25640
25641
25643
25650
25654
25659
25663
25666
25672
25672
25675
25676
25677
25678
25682
25684
25686
25691
25693
25697
25697
25706
25708
25715
25718
25726
25726
25729
25733
25734
25734
25734
25735
25740
25745
25746
25748
25760
25762
25764
25764
25778
25778
25778
25783
25790
25796
25797
25799
25799
25799
25800
25803
25803
25805
25808
25816
25818
25819
25819
25820
25825
25846
25849
25852
25857
25858
25858
25864
25865
25866
25868
25868
25869
25869
25870
25872
25877
25878
25883
25890
25893
25895
25900
25905
25906
25906
25912
25918
25919
25920
25929
25930
25931
25932
25933
25933
25933
25937
25946
25947
25951
25953
25957
25965
25969
25972
25974
25977
25985
25986
25989
25989
25989
25992
25992
25998
26007
26008
26009
26012
26014
26014
26015
26019
26023
26025
26028
26030
26033
26036
26041
26054
26055
26057
26059
26061
26061
26079
26079
26080
26085
26091
26094
26095
26097
26097
26100
26104
26105
26107
26109
26115
26115
26120
26120
26121
26126
26126
26128
26130
26133
26136
26139
26139
26142
26145
26150
26150
26153
26158
26164
26167
26170
26177
26179
26184
26189
26190
26190
26193
26193
26194
26195
26203
26204
26209
26211
26219
26219
26221
26222
26224
26227
26227
26237
26240
26244
26260
26263
26264
26267
26274
26277
26279
26287
26288
26291
26294
26294
26296
26298
26300
26301
26303
26303
26305
26310
26314
26322
26340
26344
26359
26364
26366
26375
26382
26383
26387
26387
26390
26391
26397
26401
26404
26408
26417
26421
26423
26424
26431
26432
26438
26442
26443
26443
26444
26444
26446
26446
26448
26461
26462
26469
26471
26477
26479
26484
26488
26489
26489
26491
26492
26493
26493
26497
26501
26502
26503
26509
26509
26511
26513
26534
26539
26540
26546
26552
26552
26556
26556
26558
26559
26559
26564
26566
26567
26575
26579
26580
26589
26590
26604
26605
26606
26608
26611
26613
26614
26616
26619
26624
26624
26635
26639
26641
26643
26643
26644
26650
26651
26657
26657
26661
26662
26676
26677
26680
26683
26686
26692
26694
26697
26702
26711
26717
26718
26719
26723
26730
26732
26733
26739
26740
26743
26745
26747
26752
26752
26762
26766
26766
26771
26772
26779
26780
26782
26783
26807
26807
26828
26828
26829
26834
26837
26840
26841
26845
26847
26848
26849
26849
26854
26858
26859
26862
26862
26868
26870
26870
26871
26878
26879
26892
26893
26896
26899
26905
26920
26925
26925
26929
26930
26931
26931
26938
26940
26945
26946
26950
26952
26953
26955
26960
26966
26968
26969
26971
26972
26983
26989
26990
26998
27000
27001
27001
27001
27001
27012
27013
27017
27018
27018
27019
27020
27026
27032
27034
27034
27038
27044
27045
27049
27050
27054
27058
27058
27060
27062
27062
27070
27070
27079
27083
27087
27087
27088
27092
27098
27099
27099
27104
27107
27109
27120
27126
27127
27128
27133
27139
27141
27153
27157
27162
27163
27164
27165
27169
27170
27173
27180
27181
27182
27183
27184
27185
27193
27194
27198
27204
27213
27223
27227
27227
27228
27228
27234
27237
27242
27243
27243
27245
27246
27247
27248
27250
27252
27253
27255
27259
27269
27273
27277
27277
27279
27281
27282
27282
27285
27287
27290
27298
27306
27307
27308
27310
27312
27312
27314
27315
27316
27330
27334
27335
27337
27337
27340
27342
27342
27345
27347
27347
27350
27351
27353
27364
27366
27370
27372
27373
27374
27378
27380
27389
27394
27394
27397
27400
27403
27407
27409
27413
27419
27428
27428
27429
27431
27433
27435
27435
27444
27446
27448
27449
27451
27481
27481
27484
27484
27487
27487
27489
27490
27491
27494
27496
27497
27498
27506
27511
27512
27514
27514
27515
27515
27516
27520
27523
27532
27534
27544
27554
27556
27565
27572
27578
27579
27592
27595
27599
27600
27605
27606
27614
27624
27631
27636
27636
27636
27641
27643
27649
27649
27657
27664
27664
27666
27672
27675
27678
27680
27685
27687
27690
27693
27694
27701
27702
27702
27708
27713
27716
27717
27720
27720
27730
27731
27751
27753
27757
27762
27766
27768
27769
27770
27770
27772
27776
27781
27783
27789
27799
27806
27807
27808
27809
27809
27812
27820
27829
27831
27832
27836
27837
27841
27842
27844
27847
27848
27851
27853
27855
27863
27870
27871
27871
27879
27881
27882
27883
27883
27886
27889
27889
27893
27894
27896
27899
27899
27904
27909
27911
27914
27919
27927
27928
27934
27934
27938
27939
27941
27942
27942
27944
27947
27949
27951
27951
27951
27960
27961
27962
27970
27972
27975
27976
27980
27989
27990
27997
27998
28000
28000
28007
28007
28008
28014
28016
28017
28018
28019
28025
28026
28032
28039
28040
28044
28049
28050
28050
28051
28056
28058
28063
28064
28066
28070
28072
28073
28074
28076
28079
28080
28085
28085
28086
28088
28089
28099
28104
28104
28104
28107
28107
28108
28108
28118
28120
28134
28142
28142
28142
28147
28151
28151
28155
28160
28165
28175
28178
28185
28186
28187
28193
28195
28204
28205
28205
28208
28209
28209
28210
28212
28215
28217
28218
28219
28221
28221
28223
28231
28236
28237
28238
28250
28251
28259
28264
28269
28274
28280
28283
28284
28286
28289
28300
28302
28304
28308
28311
28311
28313
28322
28324
28330
28334
28339
28340
28346
28346
28348
28350
28353
28356
28360
28360
28362
28367
28376
28380
28383
28387
28392
28393
28395
28395
28395
28396
28403
28408
28414
28417
28419
28419
28421
28422
28424
28425
28430
28431
28432
28445
28450
28453
28455
28464
28466
28467
28472
28475
28476
28477
28478
28481
28486
28489
28489
28490
28500
28510
28510
28513
28520
28530
28533
28534
28535
28537
28548
28549
28551
28555
28556
28557
28563
28564
28566
28572
28580
28582
28586
28591
28597
28601
28602
28606
28610
28611
28617
28624
28627
28632
28632
28633
28634
28636
28639
28647
28653
28655
28655
28660
28665
28668
28674
28675
28675
28681
28684
28685
28689
28695
28696
28701
28702
28702
28710
28718
28721
28722
28725
28727
28731
28733
28733
28735
28738
28738
28740
28742
28746
28754
28760
28761
28763
28765
28768
28769
28770
28771
28773
28776
28777
28786
28788
28790
28797
28798
28800
28814
28814
28817
28817
28820
28821
28832
28835
28838
28838
28839
28841
28843
28848
28850
28851
28854
28858
28860
28861
28864
28869
28871
28872
28874
28876
28877
28877
28878
28878
28880
28883
28884
28885
28885
28885
28886
28886
28890
28895
28898
28899
28904
28909
28911
28913
28915
28917
28917
28918
28922
28924
28932
28934
28935
28936
28943
28944
28950
28954
28958
28959
28965
28966
28971
28974
28975
28976
28976
28978
28987
28993
28994
28995
28996
29000
29010
29013
29015
29020
29027
29028
29028
29030
29031
29033
29035
29040
29041
29049
29058
29062
29064
29066
29073
29080
29083
29084
29086
29090
29094
29095
29096
29098
29099
29108
29109
29111
29112
29117
29117
29121
29123
29128
29138
29139
29141
29141
29143
29148
29151
29153
29158
29158
29168
29172
29173
29178
29179
29181
29182
29185
29190
29191
29195
29195
29196
29197
29200
29204
29210
29224
29237
29241
29243
29246
29250
29267
29269
29279
29280
29284
29297
29304
29326
29328
29330
29330
29331
29333
29336
29342
29345
29345
29346
29347
29353
29356
29358
29358
29363
29368
29377
29379
29387
29389
29391
29393
29398
29401
29402
29408
29411
29411
29414
29414
29415
29419
29422
29423
29424
29424
29432
29434
29437
29439
29440
29442
29443
29444
29445
29445
29445
29447
29453
29453
29454
29455
29455
29461
29462
29463
29468
29472
29473
29474
29476
29479
29480
29494
29494
29495
29497
29498
29501
29511
29512
29513
29518
29518
29520
29521
29522
29524
29528
29538
29544
29556
29558
29559
29564
29567
29571
29574
29579
29585
29588
29596
29606
29607
29612
29614
29614
29616
29620
29626
29626
29634
29634
29637
29639
29642
29642
29646
29646
29646
29647
29654
29659
29660
29661
29661
29663
29664
29668
29673
29674
29679
29686
29686
29691
29697
29702
29703
29704
29704
29705
29706
29710
29713
29718
29723
29724
29725
29729
29731
29732
29735
29738
29739
29740
29741
29747
29749
29755
29762
29762
29768
29769
29769
29769
29775
29778
29786
29799
29802
29802
29804
29805
29806
29811
29816
29822
29823
29827
29836
29840
29840
29843
29855
29858
29859
29861
29865
29869
29872
29878
29885
29890
29899
29900
29907
29908
29909
29911
29917
29921
29929
29930
29930
29931
29934
29936
29938
29940
29941
29941
29944
29947
29949
29949
29955
29960
29962
29965
29965
29966
29968
29978
29982
29986
29989
29989
29999
30002
30005
30005
30009
30010
30013
30014
30016
30019
30034
30037
30040
30040
30049
30050
30053
30057
30059
30060
30062
30063
30064
30068
30074
30081
30081
30087
30093
30096
30100
30100
30101
30101
30102
30105
30106
30108
30108
30109
30113
30114
30118
30120
30121
30123
30125
30128
30130
30132
30133
30133
30135
30136
30136
30136
30141
30142
30143
30145
30147
30148
30152
30153
30154
30154
30155
30157
30170
30174
30180
30181
30182
30188
30192
30192
30203
30212
30212
30215
30215
30216
30220
30220
30221
30223
30227
30233
30236
30237
30237
30244
30246
30249
30250
30252
30253
30253
30256
30257
30262
30262
30276
30276
30280
30282
30284
30289
30293
30298
30301
30302
30302
30306
30306
30314
30317
30319
30331
30332
30335
30336
30337
30346
30353
30354
30359
30361
30361
30367
30368
30375
30378
30379
30382
30383
30383
30388
30388
30391
30395
30397
30399
30405
30407
30408
30417
30420
30437
30440
30441
30443
30444
30454
30456
30456
30458
30466
30471
30472
30477
30478
30480
30481
30481
30482
30484
30489
30490
30492
30505
30506
30512
30513
30515
30518
30519
30521
30527
30534
30535
30535
30535
30539
30540
30541
30546
30549
30554
30555
30558
30559
30561
30567
30570
30571
30573
30573
30574
30575
30575
30576
30584
30584
30591
30593
30593
30604
30605
30613
30617
30618
30619
30629
30630
30631
30637
30638
30640
30640
30641
30646
30649
30654
30664
30672
30672
30674
30675
30675
30678
30678
30682
30686
30687
30688
30693
30697
30699
30701
30708
30712
30713
30720
30721
30722
30723
30728
30729
30730
30731
30731
30732
30737
30742
30745
30754
30766
30766
30768
30791
30795
30795
30802
30805
30806
30812
30818
30821
30823
30824
30825
30830
30838
30839
30845
30848
30853
30855
30856
30856
30857
30858
30859
30861
30862
30863
30875
30877
30877
30878
30879
30881
30883
30892
30893
30895
30895
30896
30900
30903
30909
30911
30912
30913
30915
30920
30923
30926
30926
30942
30947
30949
30956
30958
30961
30963
30964
30966
30974
30974
30975
30982
30982
30985
30985
30988
30997
30998
31002
31004
31007
31010
31013
31016
31022
31024
31025
31030
31038
31039
31043
31047
31049
31051
31062
31062
31063
31065
31070
31078
31083
31086
31087
31088
31088
31094
31095
31099
31103
31105
31106
31107
31108
31109
31110
31110
31115
31118
31119
31121
31123
31127
31127
31131
31134
31142
31142
31146
31152
31155
31158
31166
31172
31172
31179
31179
31188
31189
31202
31204
31206
31209
31209
31216
31220
31225
31230
31234
31235
31237
31237
31237
31238
31241
31246
31251
31251
31254
31256
31267
31268
31271
31273
31277
31280
31284
31289
31292
31296
31299
31311
31312
31313
31314
31324
31328
31336
31336
31339
31348
31355
31355
31356
31356
31369
31369
31372
31376
31382
31382
31383
31387
31388
31392
31398
31399
31400
31401
31403
31403
31409
31410
31412
31415
31421
31423
31425
31437
31439
31455
31460
31477
31481
31484
31487
31487
31491
31496
31497
31510
31511
31517
31518
31520
31523
31526
31526
31526
31539
31548
31550
31554
31559
31562
31579
31586
31587
31588
31595
31597
31598
31602
31604
31607
31609
31610
31610
31614
31622
31625
31627
31627
31628
31633
31633
31633
31634
31634
31637
31639
31640
31644
31648
31652
31653
31656
31665
31665
31672
31675
31677
31677
31679
31684
31684
31689
31691
31697
31698
31712
31718
31719
31721
31726
31728
31729
31730
31732
31737
31740
31748
31755
31755
31756
31756
31757
31762
31762
31763
31768
31770
31777
31778
31780
31796
31803
31807
31809
31809
31811
31813
31814
31815
31828
31828
31837
31839
31843
31857
31861
31867
31881
31883
31888
31893
31893
31896
31896
31901
31902
31903
31904
31905
31905
31907
31907
31907
31909
31916
31921
31926
31931
31936
31942
31946
31946
31947
31950
31951
31954
31956
31957
31958
31958
31962
31975
31976
31976
31977
31977
31978
31980
31981
31981
31982
31985
31988
31989
31991
31992
31996
31997
32003
32004
32005
32005
32009
32013
32016
32017
32021
32025
32028
32030
32038
32038
32044
32044
32045
32046
32049
32049
32050
32056
32065
32066
32066
32070
32073
32077
32078
32081
32090
32093
32097
32098
32108
32112
32116
32118
32119
32119
32122
32124
32128
32128
32128
32132
32134
32146
32146
32151
32153
32155
32157
32160
32162
32164
32164
32171
32172
32176
32178
32178
32179
32181
32191
32201
32204
32207
32213
32217
32219
32225
32229
32234
32240
32240
32241
32247
32250
32251
32253
32255
32261
32261
32268
32271
32272
32277
32280
32292
32295
32302
32302
32309
32311
32312
32315
32317
32317
32318
32319
32332
32332
32335
32337
32338
32345
32346
32347
32348
32349
32362
32362
32362
32364
32378
32383
32385
32385
32390
32396
32404
32407
32407
32410
32416
32417
32425
32429
32429
32433
32436
32440
32442
32449
32460
32460
32462
32475
32475
32475
32476
32479
32482
32485
32486
32492
32492
32495
32495
32497
32500
32502
32506
32507
32508
32509
32511
32514
32515
32519
32522
32530
32532
32538
32538
32538
32540
32549
32562
32566
32569
32570
32575
32579
32586
32591
32593
32599
32604
32611
32618
32619
32619
32626
32628
32637
32639
32639
32644
32644
32646
32647
32653
32655
32658
32659
32660
32661
32664
32665
32669
32670
32672
32673
32674
32676
32678
32678
32679
32683
32686
32691
32691
32692
32694
32699
32719
32720
32722
32726
32729
32730
32733
32737
32740
32740
32746
32752
32753
32759
32763
