0
4
5
6
10
19
19
20
27
27
30
31
32
39
40
42
42
45
49
55
57
57
63
67
69
70
74
74
78
81
87
87
89
90
90
91
92
94
97
100
102
103
105
106
107
108
110
112
113
117
120
121
122
122
123
126
127
128
128
135
148
148
153
154
154
155
158
158
160
162
164
165
165
168
169
170
172
172
175
178
184
188
193
194
199
200
201
202
205
207
207
210
211
213
214
215
222
224
232
233
235
245
247
249
251
255
255
255
256
258
262
263
267
268
272
278
278
280
281
283
284
290
290
291
291
291
292
293
294
295
298
302
302
302
303
307
309
309
311
313
314
315
317
317
321
324
328
331
333
334
335
340
344
346
346
349
351
354
360
360
364
369
370
371
372
374
375
377
377
380
383
386
392
396
397
400
402
405
406
409
410
410
411
418
418
421
422
430
436
436
437
439
446
446
447
448
451
453
453
456
458
458
459
460
465
465
468
470
472
473
473
474
477
478
478
481
485
486
487
488
488
488
490
493
497
497
498
501
503
505
506
507
508
509
511
513
514
514
516
516
518
518
520
522
525
525
527
527
530
530
530
531
531
531
541
544
547
551
552
553
556
558
560
562
566
567
571
576
581
583
587
590
594
597
601
604
604
606
606
609
609
609
611
611
612
613
617
618
620
620
622
624
626
627
628
628
630
632
636
638
639
641
641
644
650
657
659
659
661
663
669
671
671
673
674
675
675
679
679
680
683
686
690
691
695
698
703
703
703
705
709
721
725
727
727
728
730
730
731
732
733
734
735
746
747
747
748
751
751
753
756
758
763
765
768
771
771
775
780
781
782
782
792
795
799
803
808
808
812
813
813
815
816
819
820
820
821
827
828
829
831
834
835
835
836
837
839
849
852
854
856
858
859
862
867
869
869
874
877
879
880
884
885
887
890
892
892
894
894
895
896
900
904
909
911
913
914
916
917
919
921
921
922
928
931
934
937
937
939
944
948
949
950
951
952
954
954
956
958
962
974
978
983
987
988
990
993
994
998
1000
1005
1008
1010
1012
1015
1016
1017
1020
1023
1027
1032
1034
1035
1042
1043
1045
1050
1052
1052
1053
1058
1058
1059
1066
1066
1067
1068
1074
1075
1075
1076
1077
1080
1080
1081
1081
1082
1082
1083
1083
1085
1088
1094
1097
1099
1099
1102
1102
1105
1105
1112
1115
1115
1116
1124
1125
1126
1127
1128
1130
1132
1135
1136
1137
1137
1142
1144
1145
1150
1152
1153
1160
1161
1164
1165
1166
1168
1168
1170
1171
1173
1174
1175
1176
1176
1176
1179
1184
1185
1186
1187
1190
1192
1193
1197
1198
1199
1200
1201
1204
1211
1211
1213
1213
1217
1218
1219
1221
1221
1221
1223
1224
1225
1226
1229
1229
1232
1233
1234
1235
1235
1235
1236
1237
1240
1240
1243
1244
1247
1251
1253
1255
1256
1258
1259
1260
1261
1262
1262
1262
1263
1263
1267
1269
1269
1272
1275
1276
1282
1287
1299
1299
1304
1310
1314
1315
1315
1319
1321
1324
1326
1330
1331
1331
1332
1335
1335
1335
1339
1340
1341
1341
1343
1343
1346
1357
1359
1362
1365
1366
1366
1367
1368
1369
1374
1374
1375
1384
1385
1386
1388
1389
1390
1390
1391
1398
1405
1405
1409
1409
1413
1414
1415
1416
1418
1419
1420
1422
1422
1423
1424
1426
1427
1429
1430
1432
1433
1435
1437
1439
1440
1444
1446
1446
1450
1453
1455
1459
1461
1462
1467
1470
1471
1474
1477
1479
1480
1480
1484
1487
1487
1490
1491
1491
1494
1494
1495
1501
1501
1503
1503
1505
1506
1508
1510
1510
1511
1511
1512
1513
1515
1516
1519
1519
1520
1520
1520
1522
1527
1529
1531
1536
1536
1536
1538
1541
1542
1543
1545
1547
1550
1550
1551
1556
1557
1557
1559
1561
1561
1562
1563
1569
1574
1577
1579
1580
1580
1586
1588
1588
1590
1593
1593
1595
1595
1598
1605
1605
1610
1616
1617
1621
1621
1624
1625
1626
1627
1628
1632
1633
1633
1633
1634
1636
1653
1658
1658
1663
1664
1664
1667
1669
1674
1676
1684
1685
1686
1686
1689
1689
1690
1691
1692
1693
1694
1697
1699
1700
1701
1702
1702
1705
1706
1707
1711
1712
1714
1715
1716
1716
1722
1723
1726
1729
1730
1733
1733
1734
1735
1735
1736
1736
1740
1740
1744
1744
1745
1750
1751
1752
1756
1757
1757
1758
1758
1761
1761
1764
1766
1768
1768
1769
1770
1770
1773
1774
1776
1776
1777
1780
1785
1788
1788
1791
1792
1793
1794
1796
1796
1799
1803
1804
1804
1808
1813
1815
1815
1815
1819
1820
1828
1829
1829
1829
1833
1836
1842
1844
1844
1844
1847
1848
1848
1848
1852
1861
1864
1865
1866
1867
1868
1870
1873
1873
1876
1885
1889
1889
1890
1891
1892
1895
1900
1901
1901
1901
1902
1904
1905
1906
1913
1916
1920
1923
1929
1931
1931
1931
1933
1934
1935
1935
1937
1937
1938
1943
1943
1946
1950
1950
1951
1951
1955
1956
1957
1959
1962
1963
1963
1964
1967
1971
1971
1977
1978
1981
1988
1990
1991
1991
1995
1999
2001
2001
2002
2006
2010
2010
2013
2015
2015
2019
2021
2025
2027
2028
2029
2032
2033
2035
2035
2035
2035
2041
2043
2046
2046
2048
2049
2050
2050
2053
2055
2055
2055
2056
2057
2058
2058
2058
2060
2062
2062
2063
2064
2074
2076
2078
2080
2094
2095
2095
2098
2099
2101
2102
2105
2105
2105
2107
2112
2113
2114
2120
2121
2124
2128
2130
2136
2137
2138
2142
2142
2143
2144
2145
2145
2146
2147
2149
2152
2154
2160
2164
2167
2168
2170
2173
2174
2177
2177
2178
2179
2180
2181
2181
2189
2192
2195
2198
2204
2205
2208
2215
2217
2221
2222
2223
2223
2225
2225
2229
2229
2230
2230
2234
2234
2237
2238
2241
2244
2246
2246
2250
2251
2251
2256
2259
2260
2264
2265
2265
2266
2272
2279
2279
2284
2287
2288
2288
2297
2299
2304
2304
2304
2307
2307
2307
2311
2314
2315
2315
2315
2316
2317
2322
2323
2325
2325
2327
2328
2331
2331
2331
2333
2340
2340
2341
2344
2345
2348
2348
2351
2353
2354
2354
2357
2357
2357
2359
2365
2365
2365
2369
2369
2370
2372
2375
2375
2375
2376
2379
2380
2381
2383
2383
2383
2383
2384
2387
2395
2398
2398
2399
2403
2403
2404
2405
2405
2405
2406
2407
2408
2409
2409
2410
2411
2412
2413
2413
2414
2418
2423
2423
2424
2425
2425
2430
2433
2435
2436
2437
2441
2442
2443
2443
2444
2448
2451
2451
2454
2454
2455
2455
2457
2462
2465
2467
2467
2468
2468
2469
2471
2471
2472
2473
2473
2476
2482
2486
2487
2490
2491
2491
2494
2496
2496
2501
2504
2507
2509
2513
2514
2514
2515
2515
2517
2518
2520
2520
2521
2522
2522
2526
2529
2530
2532
2543
2543
2543
2545
2547
2550
2550
2552
2552
2557
2560
2562
2564
2564
2565
2565
2568
2569
2571
2575
2577
2578
2582
2583
2584
2584
2587
2587
2590
2595
2597
2600
2604
2611
2614
2617
2619
2619
2620
2620
2621
2622
2623
2626
2627
2627
2628
2629
2629
2629
2630
2635
2636
2643
2643
2648
2650
2652
2652
2654
2654
2657
2658
2659
2660
2660
2661
2661
2665
2668
2668
2669
2675
2678
2680
2681
2682
2682
2684
2684
2685
2685
2687
2688
2688
2689
2689
2690
2691
2694
2694
2698
2702
2703
2712
2713
2714
2714
2715
2718
2720
2721
2721
2722
2722
2723
2723
2724
2726
2738
2740
2743
2746
2748
2752
2755
2757
2762
2763
2770
2770
2772
2773
2774
2777
2777
2780
2783
2785
2787
2789
2792
2796
2801
2802
2802
2804
2805
2808
2813
2814
2816
2816
2819
2822
2822
2822
2826
2826
2827
2829
2830
2831
2835
2838
2838
2841
2855
2859
2863
2865
2866
2866
2873
2873
2874
2874
2875
2875
2876
2878
2879
2880
2882
2884
2885
2887
2889
2892
2893
2898
2898
2899
2907
2909
2910
2911
2914
2914
2915
2915
2917
2917
2918
2921
2922
2923
2925
2927
2927
2929
2930
2934
2934
2935
2940
2941
2944
2953
2953
2956
2957
2959
2961
2962
2963
2965
2966
2966
2966
2966
2967
2972
2974
2975
2975
2978
2980
2981
2981
2981
2986
2986
2987
2988
2989
2990
2992
2992
2995
3001
3002
3003
3004
3004
3008
3010
3011
3013
3016
3021
3023
3031
3032
3032
3032
3035
3038
3039
3039
3043
3050
3051
3052
3055
3059
3060
3065
3066
3068
3070
3072
3074
3079
3079
3079
3079
3080
3089
3092
3094
3094
3099
3101
3102
3111
3113
3114
3114
3116
3118
3119
3119
3121
3122
3124
3125
3125
3127
3131
3133
3134
3135
3136
3136
3137
3144
3146
3152
3154
3155
3157
3158
3158
3158
3162
3164
3164
3165
3169
3172
3173
3175
3176
3177
3182
3186
3186
3188
3188
3188
3190
3196
3197
3205
3208
3209
3209
3210
3214
3216
3217
3218
3219
3222
3225
3227
3230
3230
3232
3233
3240
3240
3242
3244
3245
3245
3249
3249
3250
3250
3251
3253
3254
3258
3259
3259
3260
3261
3262
3262
3262
3266
3270
3270
3272
3273
3273
3274
3276
3277
3278
3280
3281
3281
3281
3283
3285
3288
3288
3290
3291
3293
3294
3298
3303
3303
3304
3311
3311
3313
3316
3317
3317
3318
3320
3320
3322
3322
3325
3326
3328
3329
3332
3334
3336
3337
3342
3342
3343
3343
3344
3344
3344
3345
3347
3350
3353
3354
3354
3355
3355
3357
3357
3360
3361
3361
3365
3370
3378
3379
3379
3380
3380
3381
3387
3392
3398
3398
3399
3400
3405
3411
3411
3414
3416
3418
3422
3423
3424
3425
3427
3429
3436
3436
3437
3437
3438
3439
3439
3440
3444
3445
3446
3448
3453
3454
3454
3458
3461
3462
3463
3463
3464
3465
3465
3466
3471
3475
3475
3477
3477
3481
3485
3487
3487
3487
3489
3490
3490
3492
3495
3496
3498
3498
3502
3502
3502
3504
3504
3506
3507
3512
3513
3513
3514
3515
3515
3517
3517
3517
3519
3526
3535
3536
3537
3540
3541
3545
3548
3549
3550
3553
3553
3554
3559
3559
3562
3566
3567
3568
3569
3574
3578
3580
3580
3583
3584
3585
3588
3589
3591
3592
3592
3595
3595
3597
3598
3601
3601
3606
3611
3613
3614
3616
3616
3616
3617
3619
3619
3619
3619
3619
3620
3623
3624
3626
3630
3631
3634
3635
3641
3642
3642
3645
3647
3648
3650
3650
3651
3654
3657
3661
3662
3662
3665
3668
3669
3670
3670
3671
3674
3675
3676
3680
3681
3683
3688
3689
3691
3694
3695
3700
3702
3703
3708
3712
3714
3715
3722
3722
3723
3723
3724
3726
3727
3730
3730
3734
3735
3737
3738
3739
3740
3742
3743
3743
3747
3749
3750
3751
3752
3754
3756
3756
3762
3763
3765
3765
3767
3771
3774
3780
3782
3787
3787
3787
3789
3790
3793
3793
3793
3794
3795
3796
3801
3801
3802
3806
3807
3809
3809
3809
3810
3811
3811
3812
3812
3813
3817
3817
3819
3821
3821
3822
3823
3823
3826
3827
3836
3837
3840
3840
3842
3842
3842
3850
3852
3853
3856
3860
3860
3861
3861
3870
3874
3874
3876
3876
3879
3882
3883
3885
3887
3890
3894
3895
3898
3898
3898
3899
3900
3902
3904
3906
3910
3914
3917
3919
3921
3923
3925
3927
3927
3930
3937
3939
3944
3945
3945
3945
3947
3949
3949
3950
3951
3951
3958
3958
3960
3962
3964
3965
3966
3968
3971
3971
3973
3974
3977
3980
3982
3982
3982
3984
3984
3985
3987
3987
3995
3996
4000
4003
4003
4004
4012
4012
4013
4016
4017
4018
4020
4022
4026
4032
4035
4036
4037
4042
4042
4044
4047
4049
4051
4052
4053
4053
4061
4063
4064
4067
4067
4070
4071
4073
4074
4078
4079
4082
4088
4091
4092
4092
4093
4093
4093
4093
4099
4100
4100
4100
4101
4102
4102
4103
4106
4108
4111
4112
4112
4113
4114
4116
4119
4121
4122
4123
4124
4129
4136
4137
4142
4144
4144
4146
4146
4147
4148
4148
4150
4151
4153
4153
4157
4161
4167
4171
4178
4179
4182
4183
4183
4185
4187
4196
4198
4200
4202
4202
4202
4205
4207
4211
4217
4219
4219
4225
4225
4225
4226
4226
4226
4228
4235
4235
4235
4240
4241
4247
4248
4253
4256
4258
4259
4259
4260
4264
4265
4274
4276
4277
4277
4278
4282
4292
4292
4292
4295
4296
4297
4300
4303
4306
4306
4308
4308
4310
4317
4319
4322
4324
4325
4326
4329
4333
4335
4336
4337
4341
4342
4349
4351
4352
4352
4356
4364
4365
4366
4367
4372
4373
4374
4374
4375
4381
4381
4383
4383
4388
4392
4396
4409
4410
4411
4414
4414
4415
4417
4418
4421
4422
4423
4424
4427
4429
4429
4432
4434
4434
4438
4441
4448
4450
4452
4453
4454
4468
4469
4469
4470
4470
4470
4473
4473
4475
4475
4475
4475
4477
4477
4484
4490
4492
4493
4495
4502
4504
4507
4511
4511
4511
4513
4515
4519
4520
4521
4522
4523
4525
4527
4529
4535
4540
4540
4541
4547
4553
4554
4556
4556
4557
4559
4561
4561
4562
4563
4564
4565
4567
4568
4569
4570
4570
4571
4574
4575
4576
4576
4578
4578
4584
4585
4586
4588
4591
4594
4594
4596
4596
4596
4597
4597
4604
4604
4604
4610
4611
4611
4614
4617
4617
4618
4621
4624
4625
4629
4632
4636
4636
4640
4641
4642
4645
4645
4645
4646
4646
4648
4652
4652
4655
4655
4658
4659
4660
4661
4662
4663
4664
4666
4668
4677
4679
4679
4685
4687
4690
4691
4692
4693
4695
4701
4702
4705
4707
4707
4707
4709
4709
4713
4715
4716
4719
4720
4726
4726
4730
4731
4732
4733
4740
4741
4742
4744
4744
4748
4752
4754
4756
4756
4759
4759
4762
4765
4766
4767
4767
4769
4771
4771
4771
4771
4775
4782
4784
4786
4786
4786
4786
4787
4787
4788
4788
4789
4794
4795
4797
4801
4802
4804
4807
4808
4809
4816
4816
4818
4820
4822
4825
4828
4829
4831
4833
4833
4839
4841
4841
4841
4849
4855
4856
4858
4859
4859
4861
4865
4868
4868
4871
4875
4878
4878
4880
4881
4882
4885
4887
4892
4893
4894
4896
4901
4902
4902
4905
4907
4908
4910
4914
4923
4928
4928
4936
4936
4936
4937
4937
4940
4940
4942
4946
4949
4952
4953
4954
4961
4963
4967
4969
4969
4970
4970
4973
4974
4981
4986
4987
4987
4993
4998
4999
5000
5001
5002
5003
5004
5006
5007
5011
5011
5018
5019
5021
5022
5025
5028
5029
5031
5032
5032
5035
5035
5037
5038
5038
5040
5041
5045
5048
5048
5049
5051
5055
5057
5058
5059
5060
5061
5062
5063
5064
5064
5065
5067
5068
5069
5071
5072
5073
5073
5074
5079
5083
5085
5087
5088
5090
5090
5094
5096
5096
5097
5101
5106
5107
5107
5111
5115
5116
5117
5120
5122
5125
5127
5128
5129
5131
5133
5136
5138
5138
5140
5140
5141
5142
5144
5148
5150
5150
5154
5155
5163
5164
5168
5170
5174
5177
5178
5179
5181
5183
5188
5189
5190
5191
5193
5195
5197
5198
5200
5203
5205
5206
5207
5211
5211
5213
5213
5214
5220
5221
5223
5225
5226
5227
5233
5234
5236
5239
5239
5242
5242
5247
5247
5250
5251
5252
5254
5255
5255
5255
5255
5256
5269
5274
5275
5275
5276
5277
5278
5281
5284
5287
5291
5295
5297
5300
5303
5305
5309
5311
5315
5317
5318
5318
5327
5337
5338
5339
5340
5341
5341
5346
5348
5348
5350
5350
5352
5355
5360
5360
5365
5368
5370
5370
5372
5372
5379
5381
5386
5387
5387
5388
5389
5392
5392
5397
5400
5407
5407
5408
5409
5414
5419
5420
5420
5423
5424
5428
5434
5435
5436
5437
5438
5438
5440
5444
5446
5447
5448
5459
5461
5463
5464
5464
5467
5467
5470
5475
5475
5477
5477
5480
5483
5486
5495
5496
5498
5498
5500
5502
5503
5509
5510
5516
5517
5517
5518
5518
5519
5521
5521
5523
5524
5527
5528
5528
5529
5530
5533
5533
5535
5537
5537
5537
5539
5541
5544
5545
5545
5546
5550
5550
5552
5552
5555
5558
5559
5567
5569
5573
5574
5575
5578
5583
5583
5584
5584
5585
5585
5587
5587
5588
5590
5596
5603
5606
5607
5608
5610
5615
5616
5619
5619
5622
5623
5623
5625
5625
5627
5628
5634
5635
5638
5639
5640
5640
5640
5641
5644
5644
5648
5656
5657
5658
5659
5661
5664
5674
5674
5675
5677
5678
5682
5683
5685
5692
5693
5696
5697
5700
5702
5704
5706
5707
5712
5716
5717
5717
5729
5729
5729
5729
5729
5730
5734
5735
5736
5736
5737
5738
5742
5745
5745
5746
5748
5750
5751
5756
5756
5760
5766
5767
5769
5771
5772
5772
5774
5777
5779
5781
5785
5789
5790
5794
5799
5799
5801
5802
5804
5811
5811
5814
5815
5815
5817
5820
5822
5822
5828
5830
5832
5833
5839
5840
5841
5843
5849
5850
5853
5853
5863
5867
5868
5868
5869
5871
5875
5877
5878
5879
5879
5880
5885
5888
5889
5891
5893
5893
5894
5894
5902
5902
5903
5904
5905
5907
5908
5909
5911
5925
5925
5926
5927
5928
5934
5935
5935
5937
5938
5938
5945
5945
5952
5954
5955
5955
5958
5963
5965
5967
5967
5968
5970
5972
5974
5975
5977
5978
5979
5983
5983
5988
5989
5991
5994
5995
5996
5997
6001
6004
6005
6006
6009
6012
6014
6015
6016
6018
6020
6021
6021
6022
6023
6023
6026
6027
6027
6028
6031
6034
6038
6039
6039
6046
6047
6048
6053
6056
6057
6057
6058
6060
6061
6063
6072
6072
6073
6076
6078
6080
6083
6085
6085
6091
6097
6099
6100
6101
6102
6102
6104
6104
6108
6108
6109
6111
6112
6113
6115
6117
6117
6119
6119
6122
6125
6130
6135
6135
6136
6140
6140
6141
6143
6149
6150
6150
6151
6151
6155
6156
6157
6159
6159
6162
6163
6167
6178
6183
6189
6190
6191
6192
6192
6195
6198
6199
6200
6204
6204
6206
6209
6215
6217
6217
6222
6223
6225
6227
6228
6229
6230
6230
6231
6231
6233
6234
6234
6235
6236
6236
6241
6241
6242
6251
6254
6258
6261
6265
6268
6270
6271
6273
6275
6275
6275
6276
6277
6280
6280
6285
6286
6287
6288
6295
6296
6303
6303
6306
6307
6307
6311
6312
6313
6313
6315
6317
6319
6319
6321
6321
6325
6327
6327
6330
6335
6336
6340
6341
6341
6345
6346
6347
6347
6349
6352
6354
6357
6358
6359
6360
6361
6364
6365
6365
6366
6368
6369
6371
6373
6375
6375
6376
6377
6378
6380
6381
6384
6391
6391
6397
6399
6403
6403
6403
6407
6409
6410
6411
6411
6415
6420
6421
6422
6426
6426
6427
6428
6428
6429
6429
6430
6431
6432
6434
6435
6436
6439
6442
6442
6444
6445
6446
6448
6449
6450
6451
6452
6452
6456
6463
6464
6464
6465
6472
6472
6473
6474
6475
6475
6476
6481
6482
6487
6494
6497
6501
6506
6507
6509
6516
6516
6518
6520
6521
6523
6523
6528
6531
6531
6534
6534
6540
6541
6542
6543
6544
6544
6546
6546
6547
6549
6550
6552
6553
6553
6555
6556
6562
6562
6563
6565
6568
6568
6569
6571
6573
6576
6577
6578
6578
6579
6581
6583
6585
6585
6585
6588
6594
6596
6596
6597
6598
6599
6610
6614
6619
6624
6625
6629
6629
6633
6638
6639
6643
6650
6652
6653
6653
6654
6654
6659
6660
6664
6664
6666
6666
6670
6677
6683
6687
6688
6689
6692
6698
6699
6700
6700
6701
6702
6708
6711
6712
6715
6715
6718
6725
6725
6726
6728
6728
6728
6728
6731
6735
6735
6741
6741
6743
6745
6749
6749
6755
6755
6761
6763
6765
6765
6766
6769
6769
6771
6779
6783
6787
6791
6795
6795
6796
6801
6801
6802
6804
6804
6804
6805
6808
6809
6811
6812
6813
6813
6815
6817
6817
6818
6819
6823
6824
6826
6827
6827
6829
6829
6833
6839
6839
6839
6840
6843
6844
6848
6848
6851
6852
6855
6858
6862
6863
6864
6866
6868
6872
6874
6876
6879
6879
6880
6881
6881
6882
6888
6888
6890
6890
6897
6899
6899
6903
6903
6903
6903
6903
6910
6916
6917
6921
6921
6923
6925
6926
6926
6927
6927
6933
6938
6939
6940
6941
6944
6948
6952
6955
6959
6960
6962
6963
6964
6968
6969
6969
6970
6972
6973
6973
6973
6974
6974
6975
6980
6984
6985
6986
6986
6987
6987
6988
6990
6991
6991
6999
7001
7002
7002
7006
7009
7011
7011
7018
7019
7019
7020
7021
7021
7022
7022
7022
7023
7024
7028
7029
7030
7030
7033
7036
7036
7041
7043
7043
7046
7047
7048
7050
7052
7057
7061
7062
7064
7067
7068
7070
7070
7072
7078
7082
7083
7085
7090
7090
7091
7093
7093
7097
7098
7099
7100
7100
7101
7103
7105
7105
7108
7108
7111
7112
7112
7119
7123
7123
7125
7125
7127
7130
7130
7132
7132
7135
7136
7137
7137
7137
7139
7139
7140
7140
7144
7145
7145
7145
7148
7151
7152
7153
7155
7156
7159
7163
7168
7168
7170
7176
7178
7181
7181
7183
7186
7191
7192
7193
7194
7194
7197
7198
7200
7206
7213
7215
7216
7216
7217
7221
7222
7225
7225
7229
7229
7230
7230
7231
7232
7234
7234
7237
7238
7241
7242
7242
7243
7245
7246
7247
7249
7252
7252
7255
7256
7256
7257
7258
7258
7259
7263
7263
7264
7265
7267
7267
7267
7268
7269
7270
7275
7278
7279
7279
7281
7283
7284
7288
7288
7289
7291
7294
7294
7297
7297
7298
7300
7301
7303
7307
7309
7314
7316
7316
7318
7320
7325
7330
7331
7332
7334
7335
7337
7343
7345
7345
7346
7349
7349
7350
7350
7351
7352
7354
7355
7358
7360
7360
7361
7361
7367
7368
7368
7369
7373
7375
7375
7376
7377
7378
7380
7381
7387
7387
7387
7392
7393
7396
7399
7403
7404
7405
7406
7406
7406
7406
7409
7409
7416
7417
7418
7422
7424
7426
7427
7427
7433
7434
7434
7436
7437
7437
7441
7442
7445
7448
7449
7449
7450
7456
7457
7458
7469
7469
7475
7475
7478
7479
7480
7480
7481
7483
7485
7486
7486
7487
7489
7497
7500
7503
7503
7505
7507
7511
7512
7512
7515
7515
7515
7518
7519
7521
7522
7524
7526
7529
7529
7530
7530
7532
7533
7533
7535
7536
7536
7538
7540
7541
7544
7546
7548
7549
7549
7550
7550
7551
7551
7554
7555
7559
7559
7560
7562
7564
7565
7565
7566
7566
7571
7573
7574
7582
7588
7589
7590
7591
7593
7597
7600
7600
7602
7606
7613
7614
7615
7622
7626
7632
7634
7638
7639
7640
7641
7641
7648
7653
7655
7655
7658
7660
7667
7670
7673
7674
7676
7678
7678
7680
7683
7685
7686
7687
7688
7691
7695
7701
7705
7705
7709
7714
7717
7718
7722
7722
7723
7723
7724
7729
7730
7730
7730
7731
7732
7733
7734
7734
7736
7737
7738
7742
7742
7743
7744
7747
7749
7749
7753
7753
7756
7758
7760
7760
7761
7777
7777
7784
7787
7788
7789
7790
7792
7794
7800
7801
7801
7804
7805
7806
7806
7806
7813
7813
7813
7819
7821
7822
7823
7824
7825
7825
7827
7828
7828
7829
7831
7838
7839
7843
7844
7846
7849
7853
7857
7857
7859
7859
7860
7861
7861
7867
7870
7871
7876
7876
7877
7878
7880
7882
7883
7887
7888
7892
7896
7897
7905
7906
7908
7909
7912
7914
7914
7914
7919
7920
7923
7924
7925
7926
7926
7930
7930
7935
7939
7941
7942
7950
7955
7957
7958
7960
7963
7964
7969
7969
7978
7978
7979
7993
7994
7997
7998
7999
8003
8009
8009
8011
8012
8017
8019
8025
8029
8031
8031
8033
8039
8041
8043
8043
8045
8045
8047
8053
8054
8056
8061
8063
8066
8070
8075
8076
8079
8079
8081
8081
8082
8082
8082
8083
8083
8084
8085
8087
8089
8095
8097
8098
8101
8102
8105
8108
8108
8109
8113
8116
8118
8121
8124
8124
8124
8126
8126
8127
8129
8130
8131
8133
8135
8136
8136
8139
8141
8141
8144
8145
8148
8150
8150
8151
8152
8156
8162
8162
8176
8179
8179
8180
8180
8181
8183
8189
8189
8189
8197
8197
8197
8198
8200
8205
8208
8209
8210
8211
8214
8215
8216
8219
8221
8222
8222
8225
8226
8227
8228
8233
8234
8235
8236
8238
8238
8239
8240
8240
8243
8244
8246
8246
8247
8249
8251
8253
8253
8254
8257
8257
8257
8261
8263
8264
8264
8269
8269
8272
8272
8273
8273
8275
8276
8276
8277
8284
8284
8284
8289
8289
8292
8292
8295
8295
8296
8298
8300
8301
8302
8302
8303
8308
8314
8319
8321
8321
8324
8328
8329
8330
8331
8336
8336
8338
8339
8342
8343
8348
8349
8353
8355
8356
8357
8359
8359
8367
8369
8369
8373
8375
8376
8378
8378
8383
8383
8383
8386
8388
8392
8392
8392
8393
8396
8397
8399
8401
8401
8402
8403
8403
8403
8403
8405
8407
8411
8411
8415
8415
8417
8419
8420
8421
8423
8424
8424
8425
8428
8428
8430
8433
8436
8436
8437
8437
8439
8440
8441
8441
8442
8442
8443
8444
8444
8445
8447
8448
8451
8452
8453
8456
8459
8463
8463
8471
8474
8474
8475
8477
8478
8480
8482
8485
8485
8489
8495
8496
8498
8500
8501
8501
8505
8506
8506
8510
8514
8519
8520
8521
8522
8524
8527
8540
8540
8545
8546
8551
8554
8555
8559
8559
8560
8560
8565
8567
8567
8568
8569
8574
8575
8577
8578
8580
8581
8582
8583
8588
8589
8591
8592
8592
8595
8602
8602
8602
8604
8608
8610
8611
8612
8612
8612
8613
8613
8623
8625
8626
8627
8627
8627
8633
8633
8639
8640
8640
8642
8642
8644
8647
8649
8656
8656
8657
8657
8659
8659
8659
8660
8668
8672
8674
8674
8674
8676
8683
8684
8688
8691
8692
8693
8696
8696
8697
8697
8698
8706
8709
8709
8710
8711
8713
8721
8727
8727
8728
8728
8731
8739
8739
8740
8742
8742
8742
8749
8752
8753
8753
8756
8757
8760
8761
8771
8775
8776
8776
8777
8778
8782
8785
8786
8793
8793
8798
8799
8802
8804
8808
8809
8809
8811
8814
8816
8817
8819
8820
8822
8826
8826
8826
8827
8827
8827
8828
8832
8836
8836
8837
8837
8837
8840
8844
8848
8851
8851
8852
8857
8858
8860
8861
8872
8873
8880
8883
8886
8887
8889
8891
8891
8892
8892
8892
8895
8896
8896
8899
8900
8902
8903
8903
8904
8904
8906
8907
8907
8907
8910
8910
8911
8912
8912
8912
8913
8915
8925
8928
8930
8930
8931
8932
8934
8934
8935
8935
8936
8936
8939
8940
8943
8946
8946
8947
8948
8951
8953
8958
8958
8960
8960
8961
8961
8962
8963
8963
8964
8965
8967
8969
8972
8974
8974
8977
8979
8980
8982
8984
8985
8986
8989
8989
8991
8992
8995
8995
8995
8996
9003
9004
9004
9008
9009
9010
9010
9011
9011
9012
9014
9015
9015
9016
9017
9018
9018
9023
9025
9026
9031
9031
9033
9033
9034
9039
9039
9040
9041
9042
9044
9045
9045
9045
9045
9047
9049
9051
9052
9052
9053
9056
9060
9061
9061
9068
9068
9071
9072
9074
9076
9077
9080
9081
9083
9084
9085
9089
9089
9090
9090
9091
9093
9094
9098
9099
9100
9100
9103
9103
9104
9106
9106
9107
9108
9117
9122
9125
9125
9126
9128
9132
9139
9139
9140
9141
9141
9143
9143
9146
9146
9152
9157
9157
9157
9161
9164
9164
9165
9166
9167
9167
9168
9170
9176
9176
9177
9178
9178
9179
9181
9191
9192
9194
9197
9197
9201
9202
9203
9206
9212
9213
9216
9218
9218
9218
9219
9221
9223
9224
9226
9226
9226
9228
9233
9235
9236
9240
9242
9243
9244
9244
9245
9253
9254
9254
9255
9257
9258
9262
9262
9263
9263
9264
9264
9264
9267
9269
9269
9270
9273
9274
9274
9278
9278
9280
9280
9283
9288
9288
9294
9295
9297
9297
9297
9298
9298
9298
9298
9299
9299
9299
9303
9304
9304
9311
9313
9313
9315
9317
9317
9318
9320
9322
9326
9337
9337
9342
9346
9347
9349
9350
9350
9351
9358
9359
9359
9360
9362
9364
9364
9367
9370
9376
9376
9376
9378
9380
9392
9393
9395
9398
9400
9404
9405
9406
9411
9416
9421
9425
9425
9427
9427
9428
9433
9435
9435
9436
9436
9440
9446
9447
9449
9449
9451
9452
9453
9454
9455
9456
9456
9457
9457
9461
9461
9462
9462
9463
9463
9464
9467
9467
9468
9478
9479
9481
9483
9486
9488
9488
9490
9491
9492
9493
9496
9498
9500
9501
9507
9507
9507
9511
9511
9511
9514
9514
9519
9520
9526
9527
9532
9533
9533
9536
9537
9538
9541
9547
9552
9552
9555
9556
9558
9560
9560
9561
9564
9564
9566
9572
9573
9575
9576
9576
9579
9581
9584
9584
9586
9591
9591
9593
9596
9597
9599
9603
9603
9604
9606
9609
9609
9609
9614
9616
9620
9621
9625
9625
9626
9627
9631
9632
9634
9635
9636
9637
9639
9640
9642
9644
9646
9649
9652
9663
9664
9665
9665
9666
9667
9669
9674
9674
9675
9676
9676
9681
9683
9683
9685
9692
9693
9696
9699
9703
9703
9704
9710
9711
9711
9711
9712
9713
9717
9718
9718
9719
9720
9721
9725
9727
9727
9727
9730
9730
9732
9736
9737
9738
9739
9741
9741
9742
9742
9745
9746
9747
9748
9749
9752
9757
9758
9758
9759
9759
9759
9760
9761
9761
9761
9761
9765
9767
9769
9771
9771
9772
9775
9776
9777
9781
9782
9783
9783
9784
9787
9788
9788
9792
9794
9795
9796
9796
9797
9797
9801
9802
9802
9804
9804
9804
9805
9807
9807
9809
9814
9815
9820
9820
9827
9832
9833
9835
9838
9841
9841
9843
9845
9847
9856
9856
9861
9865
9869
9872
9874
9877
9879
9881
9885
9885
9889
9891
9892
9893
9893
9895
9895
9896
9898
9907
9907
9912
9912
9913
9914
9918
9921
9922
9926
9927
9929
9931
9932
9933
9934
9938
9939
9947
9951
9951
9952
9955
9955
9958
9959
9960
9965
9971
9971
9973
9982
9982
9985
9988
9989
10000
10000
10003
10005
10006
10008
10011
10013
10017
10018
10018
10019
10019
10021
10022
10023
10024
10026
10028
10033
10033
10035
10036
10038
10038
10040
10045
10045
10048
10048
10048
10050
10052
10052
10055
10064
10064
10072
10072
10072
10072
10072
10076
10081
10083
10084
10084
10085
10085
10088
10090
10093
10096
10100
10101
10102
10102
10104
10107
10111
10111
10112
10113
10118
10120
10121
10121
10124
10125
10127
10128
10129
10132
10133
10133
10136
10139
10142
10143
10144
10149
10149
10149
10152
10153
10154
10155
10156
10158
10159
10161
10163
10163
10165
10166
10168
10170
10171
10174
10174
10176
10176
10183
10187
10189
10196
10197
10200
10205
10207
10213
10216
10218
10219
10223
10225
10227
10228
10229
10230
10231
10232
10234
10234
10237
10237
10239
10240
10241
10243
10247
10247
10247
10248
10249
10249
10250
10257
10257
10258
10259
10259
10260
10261
10262
10263
10267
10270
10276
10276
10277
10279
10281
10282
10285
10286
10289
10290
10292
10298
10300
10304
10306
10314
10315
10316
10322
10324
10324
10326
10327
10329
10331
10334
10336
10337
10337
10338
10338
10339
10344
10349
10349
10353
10354
10354
10355
10356
10357
10359
10364
10364
10365
10368
10370
10370
10372
10373
10374
10374
10381
10388
10388
10395
10397
10399
10401
10406
10406
10407
10408
10413
10417
10421
10423
10423
10424
10426
10431
10434
10442
10442
10443
10445
10445
10451
10453
10455
10456
10467
10469
10469
10477
10482
10482
10483
10484
10488
10489
10489
10492
10492
10494
10494
10495
10500
10501
10501
10502
10504
10509
10510
10511
10511
10513
10516
10516
10517
10517
10519
10522
10522
10527
10530
10531
10534
10537
10538
10540
10541
10541
10542
10542
10545
10546
10546
10546
10547
10548
10554
10556
10559
10560
10561
10562
10567
10569
10576
10581
10582
10582
10585
10586
10587
10587
10590
10593
10595
10596
10603
10610
10612
10615
10615
10616
10618
10620
10621
10623
10624
10625
10625
10625
10627
10630
10633
10637
10641
10641
10649
10650
10652
10656
10657
10658
10658
10658
10662
10664
10665
10666
10668
10668
10668
10672
10672
10674
10677
10677
10677
10678
10682
10687
10687
10687
10688
10689
10694
10695
10699
10700
10700
10701
10701
10702
10704
10710
10713
10714
10715
10717
10717
10726
10728
10728
10729
10731
10735
10738
10749
10749
10750
10752
10752
10752
10753
10756
10757
10757
10758
10760
10761
10763
10767
10767
10769
10771
10772
10772
10773
10774
10775
10776
10776
10776
10777
10779
10780
10784
10788
10795
10796
10796
10796
10799
10799
10802
10803
10804
10806
10812
10813
10815
10817
10818
10824
10825
10825
10827
10828
10828
10833
10834
10841
10842
10844
10845
10845
10846
10850
10851
10851
10853
10854
10854
10859
10861
10863
10863
10873
10874
10878
10879
10881
10885
10887
10887
10889
10889
10891
10892
10893
10894
10895
10895
10898
10899
10905
10905
10912
10914
10914
10920
10931
10938
10938
10938
10939
10940
10944
10944
10944
10946
10947
10948
10949
10951
10955
10956
10956
10957
10961
10962
10963
10964
10971
10972
10974
10975
10978
10978
10979
10979
10982
10983
10984
10987
10991
10991
10994
10994
10996
10998
10999
11000
11001
11001
11003
11005
11008
11008
11009
11011
11014
11018
11019
11021
11024
11024
11025
11028
11028
11031
11031
11032
11032
11033
11037
11039
11051
11054
11055
11057
11058
11059
11060
11060
11061
11061
11062
11063
11065
11067
11071
11071
11075
11080
11083
11083
11085
11087
11090
11090
11092
11093
11096
11097
11099
11102
11104
11107
11107
11108
11110
11110
11113
11114
11115
11115
11117
11118
11119
11119
11124
11125
11126
11133
11134
11135
11136
11140
11149
11151
11154
11158
11165
11167
11168
11169
11173
11176
11179
11187
11187
11187
11188
11188
11193
11194
11196
11198
11198
11199
11200
11201
11208
11209
11212
11214
11215
11221
11223
11231
11231
11232
11233
11235
11235
11239
11241
11246
11246
11246
11248
11248
11249
11250
11252
11256
11258
11258
11259
11261
11263
11267
11269
11279
11284
11285
11286
11288
11291
11291
11295
11295
11296
11299
11300
11304
11309
11311
11312
11314
11315
11317
11318
11319
11323
11323
11326
11326
11329
11332
11341
11344
11345
11347
11347
11347
11353
11355
11355
11366
11367
11370
11370
11372
11373
11375
11375
11376
11377
11382
11384
11384
11386
11389
11390
11397
11401
11409
11412
11414
11418
11421
11428
11428
11430
11432
11432
11433
11434
11435
11438
11438
11439
11440
11443
11445
11447
11447
11447
11452
11457
11460
11463
11467
11473
11477
11478
11479
11479
11485
11495
11496
11500
11502
11507
11507
11507
11509
11515
11515
11516
11521
11526
11526
11527
11528
11531
11533
11535
11535
11535
11537
11537
11537
11540
11546
11547
11550
11552
11552
11553
11553
11556
11557
11558
11559
11559
11560
11562
11564
11566
11571
11573
11577
11580
11582
11584
11585
11592
11593
11602
11605
11607
11610
11610
11611
11613
11616
11620
11621
11624
11624
11625
11626
11630
11631
11631
11631
11634
11637
11639
11642
11643
11649
11650
11657
11660
11663
11663
11663
11663
11666
11668
11669
11669
11671
11673
11676
11677
11678
11678
11679
11679
11680
11683
11686
11687
11689
11689
11692
11692
11692
11693
11701
11704
11704
11706
11708
11709
11709
11713
11716
11723
11730
11730
11732
11733
11734
11735
11740
11741
11746
11746
11750
11751
11755
11755
11757
11759
11764
11764
11768
11770
11771
11772
11776
11777
11780
11781
11782
11783
11785
11786
11791
11793
11796
11800
11802
11803
11804
11805
11806
11807
11809
11811
11818
11820
11821
11822
11824
11825
11826
11827
11831
11831
11833
11834
11837
11839
11840
11841
11844
11846
11846
11847
11851
11852
11855
11857
11860
11862
11862
11865
11865
11866
11867
11867
11867
11871
11874
11877
11878
11878
11879
11883
11885
11885
11886
11887
11889
11891
11893
11893
11895
11897
11900
11905
11906
11907
11909
11912
11916
11916
11920
11920
11920
11922
11924
11929
11929
11932
11934
11936
11937
11940
11944
11945
11946
11946
11949
11950
11954
11954
11955
11958
11958
11960
11962
11965
11967
11969
11970
11970
11970
11970
11973
11973
11978
11982
11982
11982
11985
11986
11994
11994
11996
11997
12000
12001
12003
12004
12005
12007
12010
12010
12012
12015
12016
12017
12019
12020
12023
12024
12026
12026
12029
12035
12040
12042
12043
12044
12045
12047
12048
12049
12050
12052
12052
12054
12057
12058
12058
12058
12059
12060
12060
12061
12063
12063
12064
12067
12068
12068
12077
12079
12080
12087
12088
12089
12092
12093
12093
12095
12095
12101
12102
12103
12106
12107
12112
12112
12115
12118
12119
12120
12129
12130
12132
12138
12143
12146
12147
12151
12153
12154
12159
12159
12160
12160
12160
12166
12167
12167
12168
12170
12175
12176
12177
12178
12180
12180
12181
12183
12187
12189
12196
12196
12198
12199
12199
12204
12205
12205
12209
12210
12212
12213
12221
12222
12222
12222
12222
12224
12224
12225
12226
12227
12228
12228
12229
12237
12238
12239
12241
12241
12242
12246
12248
12249
12251
12252
12252
12257
12260
12263
12267
12273
12274
12279
12279
12280
12280
12282
12287
12288
12288
12290
12296
12296
12301
12301
12302
12303
12305
12305
12307
12309
12310
12314
12314
12315
12322
12327
12327
12329
12332
12338
12339
12340
12343
12345
12347
12349
12349
12355
12358
12359
12359
12359
12360
12363
12364
12366
12368
12368
12371
12372
12372
12372
12378
12379
12384
12384
12388
12388
12388
12391
12394
12397
12398
12405
12408
12408
12409
12410
12412
12416
12418
12419
12422
12423
12425
12427
12431
12432
12434
12435
12436
12439
12443
12443
12443
12444
12447
12453
12457
12458
12460
12462
12466
12467
12468
12474
12477
12479
12485
12485
12487
12488
12493
12494
12499
12500
12510
12512
12512
12513
12519
12519
12519
12522
12528
12533
12534
12534
12536
12538
12539
12542
12544
12544
12549
12549
12550
12551
12554
12555
12556
12557
12561
12564
12564
12566
12567
12569
12577
12577
12579
12582
12582
12585
12587
12590
12590
12595
12595
12596
12597
12599
12601
12605
12607
12608
12612
12612
12613
12613
12619
12619
12623
12631
12632
12633
12633
12635
12635
12637
12639
12644
12647
12647
12648
12648
12648
12653
12654
12659
12661
12667
12668
12669
12670
12670
12672
12674
12674
12678
12681
12682
12683
12683
12683
12686
12689
12690
12691
12700
12700
12702
12703
12704
12706
12709
12715
12717
12718
12720
12724
12726
12727
12728
12728
12729
12730
12737
12739
12739
12745
12746
12747
12753
12753
12754
12756
12757
12758
12759
12762
12765
12768
12770
12773
12773
12773
12774
12777
12778
12781
12783
12785
12788
12788
12789
12794
12797
12803
12804
12807
12812
12816
12826
12826
12826
12829
12829
12833
12833
12835
12835
12846
12846
12847
12849
12850
12853
12853
12854
12857
12857
12858
12858
12861
12863
12864
12865
12869
12875
12878
12879
12881
12882
12882
12885
12887
12891
12891
12903
12904
12908
12910
12913
12913
12913
12914
12922
12923
12926
12926
12933
12936
12938
12938
12940
12942
12943
12948
12949
12951
12951
12952
12955
12959
12959
12959
12959
12962
12963
12966
12970
12971
12971
12972
12975
12977
12981
12982
12984
12985
12986
12986
12988
12989
12996
12996
12998
12998
12998
12999
13004
13006
13006
13019
13024
13024
13026
13026
13028
13028
13029
13030
13035
13036
13038
13039
13039
13040
13041
13042
13042
13047
13051
13053
13056
13057
13058
13059
13061
13064
13068
13069
13073
13079
13083
13084
13086
13088
13089
13091
13093
13094
13094
13096
13096
13097
13097
13097
13098
13100
13105
13105
13106
13108
13109
13110
13112
13119
13123
13129
13132
13132
13138
13142
13143
13143
13145
13146
13148
13149
13151
13152
13153
13155
13156
13156
13158
13161
13162
13162
13167
13171
13176
13179
13179
13179
13182
13185
13185
13186
13186
13187
13191
13191
13192
13194
13196
13198
13199
13200
13203
13204
13204
13208
13210
13214
13216
13217
13220
13224
13230
13232
13232
13232
13233
13234
13236
13239
13239
13241
13242
13242
13247
13248
13254
13254
13256
13260
13262
13264
13264
13266
13269
13270
13273
13275
13277
13279
13284
13285
13285
13287
13287
13287
13287
13288
13289
13291
13293
13294
13294
13294
13295
13298
13300
13306
13307
13308
13313
13314
13314
13317
13317
13317
13320
13321
13322
13324
13325
13333
13334
13336
13336
13337
13338
13342
13342
13343
13345
13347
13348
13349
13350
13350
13350
13354
13354
13356
13359
13360
13360
13361
13365
13369
13370
13370
13371
13374
13376
13376
13377
13380
13383
13384
13385
13388
13391
13391
13394
13397
13398
13399
13400
13401
13403
13404
13406
13417
13417
13420
13420
13421
13423
13429
13432
13436
13441
13442
13450
13452
13454
13454
13456
13457
13459
13460
13460
13461
13468
13469
13470
13473
13474
13478
13479
13479
13480
13483
13485
13486
13488
13488
13497
13498
13500
13504
13504
13506
13507
13509
13511
13511
13512
13514
13515
13516
13520
13520
13524
13524
13526
13527
13528
13529
13530
13531
13534
13536
13539
13541
13542
13543
13543
13543
13544
13551
13553
13553
13554
13559
13560
13568
13569
13570
13571
13574
13575
13577
13578
13580
13582
13583
13584
13586
13588
13589
13590
13591
13594
13595
13596
13601
13603
13606
13607
13607
13608
13608
13609
13611
13611
13612
13613
13614
13618
13618
13620
13623
13624
13625
13626
13628
13631
13632
13635
13636
13640
13642
13643
13644
13646
13654
13655
13657
13660
13660
13661
13667
13668
13669
13678
13679
13681
13683
13683
13685
13686
13689
13690
13691
13693
13693
13693
13695
13697
13700
13701
13702
13711
13713
13714
13715
13728
13729
13729
13731
13731
13734
13738
13739
13743
13744
13744
13747
13748
13748
13751
13752
13758
13759
13760
13762
13765
13767
13767
13769
13770
13771
13780
13781
13781
13782
13783
13783
13783
13785
13788
13789
13791
13793
13794
13795
13805
13806
13808
13810
13810
13810
13813
13813
13814
13815
13817
13823
13826
13828
13829
13835
13835
13835
13844
13844
13845
13847
13847
13847
13848
13849
13850
13851
13853
13856
13857
13857
13861
13862
13867
13868
13868
13870
13877
13885
13886
13888
13888
13889
13896
13897
13899
13901
13902
13903
13904
13905
13906
13910
13914
13914
13915
13916
13918
13919
13919
13920
13921
13922
13924
13926
13926
13933
13935
13937
13939
13941
13943
13945
13950
13951
13951
13953
13954
13955
13956
13957
13957
13962
13967
13969
13970
13971
13972
13972
13973
13973
13974
13977
13978
13979
13981
13982
13982
13983
13987
14000
14001
14004
14004
14007
14007
14008
14009
14012
14018
14018
14021
14022
14023
14025
14028
14028
14036
14041
14041
14043
14043
14046
14046
14053
14053
14054
14055
14055
14056
14057
14062
14064
14069
14076
14078
14081
14082
14084
14085
14085
14086
14087
14091
14091
14093
14094
14097
14115
14119
14120
14123
14123
14125
14125
14126
14129
14130
14132
14133
14133
14134
14134
14138
14139
14139
14144
14144
14147
14148
14149
14151
14153
14155
14155
14155
14157
14159
14160
14167
14169
14170
14172
14176
14177
14179
14187
14187
14187
14188
14188
14188
14191
14192
14195
14196
14197
14198
14199
14203
14204
14207
14207
14207
14208
14209
14212
14215
14218
14222
14233
14234
14235
14239
14241
14246
14247
14248
14250
14250
14251
14251
14256
14258
14259
14259
14260
14261
14268
14268
14269
14270
14271
14273
14294
14299
14299
14301
14302
14302
14303
14304
14307
14307
14311
14312
14316
14316
14318
14318
14324
14332
14336
14336
14337
14340
14340
14341
14343
14344
14346
14348
14350
14352
14352
14352
14355
14355
14358
14362
14368
14368
14369
14370
14372
14377
14379
14379
14388
14391
14392
14393
14395
14397
14397
14400
14402
14403
14404
14405
14405
14408
14409
14411
14411
14414
14415
14415
14415
14416
14419
14421
14421
14422
14422
14422
14424
14425
14426
14428
14431
14435
14436
14438
14441
14443
14443
14444
14446
14449
14450
14451
14454
14456
14457
14461
14462
14464
14466
14467
14471
14473
14477
14477
14482
14483
14484
14484
14484
14487
14489
14491
14492
14493
14494
14495
14498
14503
14504
14511
14511
14512
14513
14514
14515
14516
14517
14518
14521
14522
14526
14526
14527
14533
14536
14536
14538
14539
14543
14545
14547
14548
14551
14552
14560
14564
14573
14574
14577
14579
14580
14582
14584
14587
14588
14589
14594
14595
14595
14596
14596
14597
14605
14607
14609
14611
14612
14615
14618
14619
14624
14625
14626
14628
14628
14634
14635
14636
14637
14638
14638
14639
14640
14640
14643
14645
14646
14658
14663
14671
14672
14672
14674
14675
14676
14677
14684
14685
14688
14688
14689
14691
14692
14694
14695
14695
14698
14698
14698
14700
14700
14702
14703
14704
14706
14707
14708
14709
14709
14710
14712
14712
14712
14715
14716
14718
14723
14727
14730
14735
14735
14736
14737
14738
14739
14740
14745
14746
14747
14749
14753
14753
14757
14758
14761
14762
14766
14770
14770
14773
14775
14776
14777
14777
14778
14782
14784
14785
14787
14790
14791
14793
14793
14795
14797
14799
14800
14800
14802
14802
14803
14805
14807
14808
14810
14812
14818
14822
14825
14827
14830
14831
14832
14833
14834
14835
14835
14838
14838
14842
14843
14844
14844
14845
14845
14845
14847
14847
14848
14849
14852
14855
14856
14856
14856
14856
14857
14857
14858
14859
14859
14861
14862
14867
14870
14870
14872
14872
14876
14878
14880
14881
14882
14886
14889
14893
14898
14902
14902
14902
14907
14907
14908
14911
14914
14916
14917
14929
14931
14932
14933
14940
14941
14941
14942
14949
14950
14954
14958
14963
14964
14967
14972
14980
14982
14983
14983
14985
14988
14991
14994
14995
14995
14995
14996
14996
14998
14998
15000
15000
15002
15003
15008
15008
15008
15009
15010
15010
15010
15013
15016
15016
15018
15021
15021
15022
15022
15028
15029
15031
15031
15033
15034
15035
15041
15041
15043
15044
15045
15048
15057
15057
15064
15067
15069
15069
15070
15076
15077
15077
15078
15078
15079
15084
15086
15088
15088
15091
15092
15093
15097
15100
15102
15103
15105
15106
15108
15109
15114
15119
15119
15122
15124
15125
15131
15133
15134
15139
15143
15143
15149
15150
15155
15162
15162
15169
15171
15175
15176
15177
15180
15180
15183
15185
15186
15189
15191
15192
15193
15193
15194
15197
15199
15200
15205
15211
15212
15213
15216
15216
15218
15221
15225
15228
15229
15229
15229
15233
15234
15237
15239
15241
15246
15247
15248
15250
15251
15253
15253
15254
15255
15255
15258
15260
15262
15262
15264
15265
15265
15265
15267
15268
15268
15269
15270
15274
15276
15276
15277
15285
15285
15286
15287
15287
15290
15295
15295
15301
15303
15303
15303
15306
15306
15308
15308
15310
15311
15315
15315
15318
15319
15321
15322
15323
15324
15327
15335
15336
15340
15341
15341
15344
15344
15344
15345
15349
15349
15350
15352
15356
15360
15362
15363
15363
15368
15370
15372
15377
15379
15395
15398
15401
15402
15405
15409
15409
15413
15416
15418
15419
15419
15422
15425
15427
15428
15428
15428
15430
15431
15431
15432
15434
15434
15434
15438
15439
15440
15440
15445
15449
15452
15454
15459
15459
15461
15477
15477
15481
15481
15485
15486
15492
15494
15495
15497
15501
15502
15505
15505
15506
15506
15507
15517
15521
15521
15522
15527
15527
15528
15531
15532
15534
15535
15537
15539
15545
15546
15547
15550
15552
15554
15554
15555
15557
15559
15563
15564
15566
15570
15571
15572
15574
15576
15578
15583
15584
15585
15586
15586
15588
15588
15591
15592
15594
15598
15598
15598
15601
15602
15605
15606
15612
15615
15615
15616
15619
15621
15623
15627
15628
15630
15631
15631
15634
15635
15637
15637
15638
15641
15644
15645
15647
15648
15649
15650
15655
15656
15658
15660
15664
15666
15667
15681
15681
15683
15691
15695
15698
15701
15707
15707
15709
15710
15715
15724
15725
15728
15728
15729
15729
15729
15731
15732
15734
15738
15739
15741
15743
15743
15743
15744
15752
15753
15754
15755
15757
15762
15764
15765
15768
15768
15770
15770
15771
15779
15781
15783
15789
15789
15791
15793
15798
15803
15805
15808
15812
15812
15813
15813
15815
15815
15819
15821
15821
15824
15824
15825
15826
15826
15828
15829
15831
15832
15839
15843
15844
15846
15847
15849
15851
15852
15855
15856
15856
15856
15859
15863
15864
15869
15872
15874
15874
15877
15878
15878
15880
15880
15881
15885
15885
15887
15890
15896
15896
15897
15898
15899
15900
15905
15906
15909
15913
15920
15920
15922
15923
15927
15927
15931
15935
15936
15942
15942
15942
15945
15945
15948
15953
15953
15955
15957
15960
15961
15967
15969
15970
15972
15973
15973
15975
15975
15976
15979
15979
15980
15981
15983
15983
15984
15986
15986
15990
15990
15993
15994
15995
15998
16002
16002
16005
16005
16008
16009
16012
16013
16015
16016
16017
16021
16024
16026
16027
16028
16028
16033
16034
16035
16035
16035
16039
16041
16042
16045
16046
16049
16049
16052
16052
16053
16055
16058
16059
16059
16059
16060
16064
16065
16074
16076
16076
16076
16078
16080
16080
16083
16087
16088
16091
16092
16093
16093
16098
16101
16107
16108
16108
16108
16110
16110
16113
16114
16116
16117
16117
16118
16118
16119
16120
16122
16122
16123
16124
16125
16127
16127
16128
16131
16135
16135
16136
16138
16140
16145
16145
16146
16147
16147
16150
16150
16155
16159
16159
16165
16165
16168
16169
16172
16176
16177
16179
16181
16189
16192
16193
16198
16199
16202
16211
16211
16212
16214
16218
16220
16220
16227
16229
16230
16234
16237
16238
16241
16241
16243
16244
16245
16245
16247
16249
16249
16250
16251
16255
16257
16257
16261
16263
16268
16269
16269
16271
16272
16277
16277
16278
16279
16281
16282
16284
16289
16295
16297
16298
16303
16304
16307
16307
16310
16321
16321
16325
16327
16327
16329
16329
16330
16332
16333
16336
16336
16340
16342
16342
16343
16343
16347
16347
16349
16351
16351
16352
16352
16356
16357
16362
16362
16362
16366
16368
16370
16370
16371
16372
16373
16375
16377
16378
16384
16386
16390
16390
16391
16395
16396
16399
16401
16402
16402
16404
16412
16412
16415
16418
16421
16426
16427
16428
16429
16431
16432
16433
16434
16435
16436
16439
16443
16448
16451
16451
16453
16456
16460
16460
16461
16462
16463
16464
16464
16465
16467
16470
16471
16472
16478
16479
16479
16481
16483
16486
16489
16493
16497
16498
16499
16499
16503
16504
16505
16506
16506
16507
16507
16507
16508
16510
16514
16514
16515
16515
16518
16522
16524
16525
16526
16526
16532
16533
16533
16534
16539
16539
16540
16543
16545
16548
16548
16548
16553
16555
16556
16557
16562
16563
16565
16568
16574
16576
16580
16584
16586
16588
16588
16590
16592
16596
16597
16598
16598
16603
16604
16605
16607
16609
16610
16612
16613
16615
16616
16616
16621
16625
16626
16630
16633
16646
16652
16655
16660
16661
16662
16663
16666
16668
16669
16670
16672
16675
16677
16681
16682
16684
16687
16690
16692
16694
16694
16697
16700
16703
16703
16703
16704
16704
16712
16717
16717
16717
16717
16719
16719
16720
16720
16726
16727
16727
16729
16730
16730
16731
16731
16731
16736
16737
16737
16737
16737
16739
16741
16744
16744
16746
16748
16748
16749
16749
16752
16752
16756
16759
16763
16763
16765
16766
16767
16768
16768
16770
16771
16772
16773
16774
16775
16776
16777
16779
16781
16785
16786
16788
16789
16789
16790
16791
16791
16795
16799
16799
16803
16805
16805
16806
16806
16807
16812
16815
16824
16825
16829
16832
16833
16841
16843
16844
16845
16847
16849
16850
16855
16855
16857
16859
16861
16862
16863
16866
16867
16875
16876
16878
16880
16881
16883
16884
16886
16888
16890
16891
16891
16893
16893
16894
16896
16897
16904
16905
16907
16911
16911
16911
16913
16914
16915
16926
16928
16928
16929
16929
16930
16932
16935
16937
16938
16938
16943
16946
16947
16948
16950
16950
16951
16952
16954
16955
16958
16960
16962
16963
16964
16966
16967
16969
16971
16975
16977
16978
16982
16985
16993
16993
16995
16995
16999
17000
17000
17003
17005
17011
17011
17012
17013
17014
17016
17016
17017
17017
17017
17018
17023
17024
17029
17030
17032
17034
17035
17038
17038
17040
17044
17046
17056
17056
17057
17059
17061
17064
17069
17069
17071
17071
17078
17081
17081
17082
17085
17093
17093
17095
17096
17098
17100
17106
17106
17106
17109
17112
17113
17115
17117
17117
17118
17122
17122
17127
17127
17128
17129
17130
17132
17135
17139
17141
17142
17144
17144
17145
17150
17152
17154
17158
17160
17163
17164
17165
17168
17169
17173
17173
17173
17173
17174
17177
17178
17180
17181
17182
17182
17183
17185
17185
17186
17186
17186
17187
17194
17195
17197
17197
17202
17202
17203
17210
17212
17212
17212
17215
17216
17217
17220
17225
17227
17228
17228
17233
17233
17238
17242
17242
17244
17248
17248
17249
17249
17251
17252
17252
17255
17257
17259
17260
17261
17261
17263
17271
17271
17274
17277
17278
17279
17280
17280
17283
17283
17284
17286
17287
17288
17289
17292
17297
17301
17302
17304
17306
17307
17307
17307
17310
17316
17316
17323
17323
17324
17324
17325
17326
17328
17328
17333
17342
17344
17348
17349
17351
17351
17354
17355
17356
17359
17360
17360
17369
17371
17371
17377
17381
17382
17384
17390
17390
17391
17392
17392
17394
17394
17399
17403
17405
17406
17409
17410
17415
17417
17418
17418
17423
17425
17427
17430
17431
17432
17433
17436
17438
17438
17438
17439
17441
17442
17442
17443
17446
17449
17451
17451
17451
17452
17454
17461
17462
17464
17465
17466
17467
17469
17471
17474
17475
17477
17478
17479
17480
17480
17480
17480
17482
17483
17484
17489
17489
17490
17492
17493
17493
17493
17495
17496
17497
17497
17499
17500
17505
17511
17514
17515
17515
17523
17523
17526
17529
17538
17539
17540
17541
17548
17549
17551
17555
17555
17560
17562
17565
17570
17570
17573
17575
17576
17576
17577
17577
17580
17581
17582
17585
17587
17590
17594
17595
17596
17596
17597
17598
17599
17601
17602
17602
17604
17608
17608
17611
17615
17616
17629
17633
17633
17636
17637
17638
17640
17641
17643
17644
17646
17646
17649
17649
17653
17658
17659
17660
17660
17664
17664
17675
17677
17678
17678
17680
17683
17686
17687
17688
17690
17694
17696
17697
17701
17708
17709
17710
17711
17712
17712
17718
17719
17721
17722
17722
17722
17731
17733
17735
17740
17742
17743
17743
17747
17749
17749
17751
17752
17755
17761
17773
17774
17776
17777
17778
17778
17781
17782
17787
17791
17793
17798
17798
17799
17803
17806
17808
17812
17813
17814
17817
17818
17821
17822
17823
17826
17828
17830
17833
17836
17836
17837
17839
17844
17847
17848
17848
17853
17853
17854
17854
17854
17856
17858
17861
17861
17861
17865
17865
17868
17868
17869
17869
17870
17872
17873
17875
17875
17877
17879
17882
17885
17885
17888
17888
17889
17889
17889
17892
17893
17895
17898
17903
17904
17904
17905
17906
17907
17908
17910
17911
17918
17921
17925
17927
17929
17936
17937
17938
17940
17942
17942
17945
17945
17953
17954
17954
17955
17956
17960
17963
17966
17966
17970
17970
17974
17978
17979
17991
17992
17997
17997
17998
18001
18003
18004
18007
18008
18009
18009
18009
18009
18013
18024
18024
18024
18026
18030
18033
18034
18042
18048
18049
18050
18053
18057
18060
18061
18062
18063
18065
18065
18067
18071
18071
18073
18074
18075
18076
18076
18078
18081
18085
18087
18090
18092
18093
18094
18100
18101
18107
18110
18110
18111
18118
18118
18119
18120
18122
18123
18128
18131
18132
18134
18137
18139
18139
18143
18143
18144
18145
18159
18162
18162
18164
18164
18164
18166
18168
18168
18170
18172
18174
18174
18178
18189
18191
18195
18200
18200
18202
18203
18204
18206
18208
18209
18209
18211
18211
18212
18213
18213
18216
18217
18217
18217
18221
18221
18223
18230
18231
18232
18232
18233
18238
18238
18240
18242
18242
18246
18246
18251
18252
18252
18252
18253
18254
18258
18259
18262
18262
18265
18266
18266
18273
18273
18276
18277
18280
18284
18285
18288
18288
18291
18292
18293
18295
18296
18300
18304
18306
18306
18307
18308
18309
18311
18315
18315
18315
18317
18322
18322
18323
18329
18331
18334
18336
18337
18338
18339
18339
18341
18341
18344
18346
18347
18347
18351
18353
18355
18357
18360
18361
18362
18363
18366
18369
18370
18371
18372
18373
18374
18375
18375
18376
18380
18382
18383
18385
18386
18389
18390
18395
18398
18399
18401
18402
18403
18404
18406
18407
18408
18409
18411
18413
18413
18416
18416
18417
18418
18419
18419
18420
18423
18425
18428
18428
18429
18432
18433
18438
18439
18441
18441
18441
18446
18448
18449
18451
18454
18455
18457
18458
18461
18461
18462
18462
18463
18464
18465
18472
18476
18479
18479
18481
18483
18484
18485
18494
18495
18495
18499
18499
18500
18500
18500
18502
18503
18506
18506
18509
18509
18510
18511
18513
18517
18519
18519
18520
18520
18524
18525
18525
18528
18529
18533
18533
18537
18538
18540
18541
18541
18541
18542
18542
18544
18544
18546
18547
18557
18558
18561
18565
18565
18568
18570
18570
18572
18575
18575
18576
18578
18583
18583
18588
18592
18600
18605
18607
18609
18618
18620
18621
18625
18629
18629
18632
18633
18633
18635
18636
18636
18638
18639
18641
18642
18644
18646
18648
18651
18652
18654
18656
18659
18661
18665
18666
18669
18670
18671
18672
18674
18674
18676
18678
18681
18686
18689
18690
18690
18690
18695
18700
18700
18702
18703
18707
18709
18712
18716
18716
18717
18719
18719
18721
18722
18723
18725
18726
18736
18739
18739
18740
18740
18745
18747
18749
18750
18752
18756
18760
18765
18766
18768
18768
18769
18772
18776
18777
18780
18781
18786
18790
18791
18793
18794
18794
18794
18795
18796
18796
18797
18798
18798
18799
18799
18800
18800
18804
18805
18805
18813
18814
18817
18821
18821
18825
18825
18826
18829
18830
18831
18831
18832
18838
18838
18839
18842
18844
18844
18851
18854
18855
18857
18857
18858
18861
18861
18866
18867
18868
18868
18869
18869
18871
18875
18877
18878
18878
18881
18883
18886
18889
18890
18895
18895
18897
18899
18900
18906
18908
18909
18911
18911
18911
18912
18914
18916
18926
18926
18931
18931
18932
18933
18933
18940
18941
18943
18944
18945
18956
18957
18959
18959
18960
18965
18967
18970
18972
18974
18977
18981
18981
18984
18987
18987
18988
18990
18995
18997
18997
18997
18998
19003
19003
19004
19006
19009
19010
19011
19015
19018
19022
19024
19024
19024
19025
19028
19030
19033
19034
19036
19037
19038
19039
19042
19046
19046
19047
19049
19052
19054
19059
19059
19063
19065
19070
19072
19073
19077
19077
19078
19080
19082
19083
19085
19086
19087
19087
19087
19091
19093
19093
19094
19096
19106
19109
19112
19112
19118
19118
19120
19122
19123
19126
19129
19131
19133
19133
19136
19137
19139
19141
19145
19146
19149
19150
19150
19150
19151
19151
19154
19154
19156
19158
19160
19160
19163
19165
19167
19170
19171
19171
19172
19177
19179
19180
19181
19187
19189
19190
19194
19199
19200
19206
19206
19207
19208
19208
19208
19208
19209
19215
19218
19219
19221
19221
19224
19224
19227
19231
19231
19234
19234
19235
19237
19240
19240
19240
19242
19245
19246
19252
19252
19255
19258
19259
19260
19262
19263
19267
19272
19275
19284
19289
19290
19292
19293
19293
19294
19294
19295
19295
19297
19299
19301
19302
19304
19306
19308
19308
19310
19310
19310
19311
19312
19314
19315
19319
19319
19322
19322
19324
19326
19328
19334
19335
19336
19337
19339
19344
19344
19345
19345
19346
19349
19352
19352
19358
19359
19360
19362
19362
19365
19365
19366
19368
19372
19375
19375
19382
19385
19387
19388
19392
19393
19393
19394
19398
19400
19401
19403
19405
19406
19408
19409
19413
19414
19415
19418
19419
19419
19422
19425
19425
19427
19431
19434
19438
19443
19446
19449
19450
19451
19452
19453
19456
19456
19457
19457
19463
19463
19465
19466
19470
19470
19476
19476
19477
19481
19485
19489
19489
19490
19490
19491
19491
19503
19504
19504
19506
19507
19511
19512
19514
19517
19519
19520
19522
19522
19524
19524
19526
19527
19529
19530
19531
19531
19534
19534
19535
19535
19536
19543
19545
19551
19551
19552
19552
19553
19559
19559
19564
19566
19566
19570
19570
19571
19574
19575
19578
19582
19584
19587
19595
19598
19600
19610
19610
19610
19611
19614
19619
19620
19620
19625
19626
19626
19629
19632
19632
19635
19635
19636
19637
19638
19644
19644
19646
19647
19648
19649
19650
19654
19657
19664
19665
19665
19667
19668
19670
19670
19672
19673
19688
19688
19689
19692
19692
19694
19696
19696
19698
19704
19710
19714
19720
19724
19724
19726
19727
19728
19728
19731
19735
19739
19749
19750
19750
19750
19750
19753
19754
19756
19758
19760
19764
19765
19768
19772
19773
19774
19775
19781
19781
19781
19783
19786
19787
19787
19788
19791
19791
19793
19793
19794
19795
19796
19796
19798
19800
19803
19804
19811
19812
19813
19813
19820
19822
19822
19823
19824
19825
19826
19826
19827
19828
19829
19830
19832
19836
19839
19841
19841
19843
19843
19844
19844
19849
19853
19854
19858
19858
19859
19860
19860
19860
19861
19863
19864
19865
19868
19868
19870
19870
19873
19876
19879
19881
19882
19883
19885
19887
19887
19888
19889
19889
19890
19891
19891
19892
19893
19896
19898
19902
19904
19905
19908
19917
19919
19919
19920
19922
19924
19925
19925
19928
19929
19930
19934
19935
19935
19937
19937
19938
19940
19941
19942
19943
19947
19947
19947
19948
19948
19949
19954
19958
19958
19960
19963
19967
19967
19977
19977
19979
19981
19986
19987
19988
19988
19991
19993
19994
19994
