1
1
2
4
5
6
8
11
11
12
12
18
19
21
23
23
25
26
27
33
33
33
34
37
38
44
45
46
49
50
50
53
54
57
58
59
59
59
66
70
71
72
72
75
80
83
85
86
89
93
94
96
98
98
98
110
111
111
112
113
114
115
116
117
117
117
118
120
122
123
126
127
136
137
138
139
139
146
150
150
151
152
157
161
162
163
163
164
165
168
168
170
176
177
177
177
181
183
184
186
186
190
191
192
192
198
199
207
209
210
213
213
215
222
222
223
223
225
226
227
230
231
232
235
238
239
241
245
245
246
248
249
251
252
253
254
256
259
262
262
263
263
264
267
269
270
276
277
278
287
292
296
296
299
301
307
308
316
324
324
330
337
340
343
346
347
349
351
353
355
357
358
359
359
365
366
367
367
370
371
376
377
378
379
383
386
386
386
387
388
394
395
397
398
400
400
405
407
408
408
408
409
410
413
414
414
414
420
421
422
426
427
429
437
439
445
445
448
450
453
453
454
455
460
461
462
464
466
468
469
470
471
471
474
475
477
477
479
480
482
486
490
492
496
497
498
500
501
501
501
502
503
505
507
507
509
512
512
516
516
517
519
520
520
521
523
523
524
525
529
531
532
534
537
539
539
542
542
543
545
548
549
552
555
560
560
562
562
565
566
568
569
571
573
575
585
585
587
593
594
602
604
604
604
605
606
609
614
616
617
621
623
624
624
627
628
632
632
633
640
640
645
646
650
651
658
660
661
662
663
666
669
670
671
675
676
691
692
693
693
696
696
698
710
713
716
717
718
719
721
725
726
736
737
739
740
741
741
742
743
747
747
751
754
755
758
761
761
761
763
765
767
770
773
774
776
777
778
782
784
785
787
787
788
789
789
789
790
799
800
803
807
811
818
819
820
820
823
823
823
825
826
826
832
832
832
833
833
838
839
840
844
847
848
849
849
854
855
857
857
860
861
862
862
864
869
869
870
871
871
873
874
874
876
877
878
880
881
881
886
887
892
895
895
897
897
900
905
906
907
909
909
910
910
911
913
913
916
920
921
924
926
931
934
934
938
938
940
944
945
947
954
955
957
959
959
960
964
965
969
969
969
971
971
972
972
973
973
974
980
980
980
981
981
981
982
982
984
990
993
994
996
997
997
998
1002
1005
1005
1007
1008
1009
1014
1025
1028
1030
1030
1035
1037
1038
1039
1040
1040
1041
1042
1043
1045
1046
1046
1049
1052
1053
1054
1055
1065
1065
1069
1069
1071
1075
1078
1081
1086
1089
1089
1092
1093
1094
1096
1096
1100
1102
1102
1103
1109
1110
1112
1112
1112
1114
1115
1117
1118
1119
1121
1122
1125
1128
1128
1131
1132
1135
1138
1138
1143
1144
1150
1155
1161
1161
1164
1164
1165
1166
1167
1167
1168
1171
1172
1180
1182
1182
1183
1184
1194
1198
1200
1202
1202
1204
1206
1207
1210
1211
1217
1217
1218
1222
1223
1225
1226
1227
1227
1228
1229
1229
1230
1231
1232
1234
1236
1236
1236
1237
1240
1242
1244
1245
1247
1247
1248
1248
1248
1250
1254
1255
1256
1256
1261
1261
1264
1264
1270
1277
1280
1283
1287
1288
1290
1292
1295
1297
1304
1307
1307
1308
1311
1313
1313
1314
1315
1315
1315
1317
1319
1319
1320
1325
1325
1327
1332
1333
1335
1337
1337
1342
1343
1351
1356
1358
1362
1362
1369
1373
1373
1380
1382
1384
1385
1386
1386
1387
1387
1389
1392
1395
1398
1401
1404
1408
1411
1421
1425
1425
1426
1426
1427
1428
1432
1432
1433
1436
1438
1439
1445
1451
1452
1456
1456
1458
1461
1464
1466
1471
1471
1472
1478
1481
1481
1481
1482
1483
1488
1489
1491
1494
1496
1498
1500
1505
1506
1506
1510
1513
1514
1517
1518
1525
1529
1531
1534
1534
1535
1536
1537
1539
1540
1540
1544
1544
1545
1546
1551
1554
1555
1556
1563
1563
1563
1564
1565
1566
1567
1568
1569
1572
1574
1576
1576
1577
1578
1579
1581
1582
1583
1584
1584
1585
1585
1586
1588
1590
1591
1594
1596
1605
1607
1608
1608
1608
1609
1612
1613
1614
1618
1624
1626
1627
1627
1630
1632
1637
1638
1643
1645
1648
1648
1649
1649
1652
1653
1653
1654
1659
1660
1660
1664
1667
1671
1672
1672
1673
1674
1680
1681
1681
1683
1685
1688
1690
1694
1698
1700
1704
1706
1707
1707
1710
1710
1715
1720
1730
1732
1735
1736
1737
1738
1738
1739
1739
1740
1742
1742
1743
1744
1745
1745
1746
1749
1750
1751
1753
1753
1755
1756
1756
1756
1759
1760
1763
1765
1772
1773
1774
1775
1776
1778
1783
1783
1785
1786
1786
1790
1790
1792
1792
1793
1796
1798
1798
1799
1799
1804
1805
1806
1807
1813
1813
1820
1823
1823
1824
1825
1825
1825
1828
1834
1834
1839
1841
1846
1847
1855
1858
1859
1860
1863
1864
1865
1866
1866
1867
1867
1870
1871
1872
1873
1876
1877
1878
1878
1879
1879
1882
1885
1885
1888
1888
1889
1890
1893
1897
1897
1897
1899
1900
1901
1901
1901
1907
1915
1919
1923
1927
1936
1942
1944
1945
1945
1946
1947
1948
1948
1952
1954
1955
1956
1957
1961
1961
1963
1965
1965
1965
1967
1973
1975
1978
1984
1987
1989
1990
1991
1992
1994
1998
1999
1999
2000
2001
2001
2004
2004
2008
2009
2012
2015
2020
2023
2025
2025
2027
2027
2030
2033
2037
2040
2043
2043
2045
2047
2050
2058
2061
2061
2061
2062
2064
2065
2065
2068
2069
2071
2072
2075
2085
2089
2089
2093
2094
2094
2099
2099
2107
2108
2111
2118
2119
2129
2130
2132
2134
2138
2139
2139
2144
2148
2153
2154
2155
2155
2157
2159
2160
2161
2163
2165
2165
2169
2169
2172
2173
2179
2186
2189
2190
2195
2196
2196
2197
2199
2203
2204
2207
2209
2210
2211
2211
2213
2216
2217
2223
2224
2224
2225
2227
2228
2229
2230
2238
2239
2245
2247
2251
2256
2256
2258
2260
2260
2262
2263
2267
2270
2271
2272
2272
2275
2276
2277
2278
2279
2281
2283
2284
2285
2285
2286
2286
2287
2290
2294
2295
2296
2297
2300
2301
2306
2309
2311
2312
2318
2320
2326
2328
2330
2330
2331
2331
2332
2334
2336
2337
2337
2338
2341
2345
2346
2349
2350
2350
2356
2357
2357
2357
2364
2365
2367
2368
2368
2368
2370
2374
2377
2377
2378
2378
2379
2380
2381
2383
2383
2384
2384
2386
2387
2387
2398
2401
2403
2405
2405
2409
2410
2411
2411
2411
2412
2412
2414
2416
2419
2419
2419
2424
2424
2429
2432
2443
2446
2447
2449
2451
2452
2459
2463
2463
2468
2468
2469
2472
2473
2476
2480
2481
2482
2486
2496
2497
2502
2505
2506
2508
2512
2514
2514
2514
2516
2519
2520
2522
2523
2525
2526
2527
2527
2530
2532
2532
2533
2538
2539
2542
2548
2550
2555
2556
2558
2561
2563
2567
2570
2570
2572
2572
2578
2578
2582
2585
2586
2586
2592
2593
2595
2596
2600
2605
2607
2607
2611
2613
2614
2615
2615
2617
2618
2618
2619
2619
2622
2623
2625
2625
2627
2628
2629
2629
2630
2631
2632
2635
2636
2639
2641
2641
2645
2646
2647
2647
2651
2655
2656
2660
2664
2666
2667
2671
2676
2676
2677
2678
2679
2683
2686
2689
2690
2691
2691
2693
2695
2697
2697
2705
2705
2707
2708
2709
2713
2718
2721
2724
2725
2726
2727
2731
2731
2732
2734
2735
2736
2737
2737
2737
2739
2741
2742
2749
2751
2752
2752
2754
2760
2760
2761
2763
2763
2767
2768
2769
2773
2776
2779
2780
2780
2782
2783
2785
2789
2790
2791
2792
2793
2795
2797
2799
2800
2802
2805
2807
2811
2812
2813
2813
2813
2816
2819
2822
2827
2831
2832
2838
2842
2843
2844
2850
2854
2854
2862
2871
2871
2875
2876
2876
2880
2880
2883
2888
2888
2890
2890
2893
2895
2896
2898
2898
2905
2908
2912
2913
2915
2918
2918
2921
2926
2927
2927
2928
2929
2930
2930
2932
2934
2936
2937
2937
2942
2943
2948
2949
2951
2952
2952
2953
2958
2958
2959
2960
2966
2967
2971
2971
2972
2972
2972
2974
2981
2982
2982
2983
2984
2985
2989
2989
2991
2991
2992
2996
2998
2998
2999
3001
3003
3003
3004
3005
3006
3006
3008
3009
3009
3011
3012
3017
3018
3019
3024
3025
3026
3026
3026
3027
3029
3031
3041
3042
3042
3045
3046
3047
3050
3052
3054
3055
3056
3058
3061
3064
3066
3069
3069
3074
3076
3078
3084
3085
3085
3086
3086
3088
3090
3100
3101
3103
3106
3107
3107
3109
3110
3110
3112
3113
3119
3122
3124
3125
3126
3128
3128
3130
3131
3136
3136
3139
3145
3147
3149
3150
3153
3155
3162
3162
3163
3163
3166
3167
3168
3169
3169
3170
3170
3170
3171
3172
3176
3177
3178
3178
3181
3182
3182
3185
3189
3192
3196
3200
3200
3206
3208
3212
3221
3223
3223
3224
3226
3227
3228
3229
3229
3230
3233
3233
3234
3234
3236
3236
3237
3239
3240
3243
3244
3245
3246
3250
3252
3253
3258
3258
3258
3258
3260
3260
3260
3261
3268
3268
3275
3282
3286
3287
3288
3289
3289
3291
3292
3293
3296
3296
3297
3301
3306
3307
3309
3309
3309
3310
3310
3316
3318
3322
3326
3327
3328
3329
3329
3332
3335
3335
3336
3341
3342
3342
3342
3345
3345
3348
3348
3348
3349
3351
3351
3351
3354
3355
3357
3362
3362
3364
3367
3369
3369
3380
3382
3383
3383
3384
3388
3391
3392
3396
3400
3405
3406
3407
3410
3410
3413
3416
3419
3419
3420
3422
3422
3423
3425
3428
3432
3433
3437
3437
3438
3440
3441
3448
3452
3455
3463
3468
3469
3472
3474
3475
3475
3477
3483
3484
3485
3487
3489
3489
3495
3499
3499
3501
3501
3501
3503
3503
3508
3509
3510
3511
3513
3514
3515
3517
3517
3522
3523
3523
3525
3535
3537
3538
3538
3540
3541
3544
3547
3548
3549
3552
3555
3555
3556
3557
3564
3565
3567
3569
3570
3570
3574
3576
3578
3579
3579
3583
3586
3586
3587
3588
3588
3588
3589
3590
3592
3592
3593
3593
3593
3594
3596
3600
3601
3602
3602
3605
3605
3607
3609
3610
3613
3616
3616
3617
3622
3622
3626
3628
3628
3629
3629
3632
3636
3637
3637
3640
3645
3645
3649
3649
3650
3652
3653
3654
3657
3658
3658
3659
3663
3663
3664
3664
3665
3666
3668
3669
3671
3674
3676
3681
3682
3683
3685
3686
3688
3693
3695
3696
3698
3703
3703
3703
3705
3705
3707
3709
3709
3712
3712
3712
3715
3716
3723
3724
3725
3725
3726
3727
3729
3730
3732
3733
3734
3735
3738
3742
3746
3747
3750
3751
3753
3753
3756
3759
3760
3760
3762
3763
3764
3767
3767
3768
3770
3774
3774
3779
3779
3779
3780
3781
3782
3782
3784
3785
3786
3786
3787
3787
3788
3789
3790
3792
3793
3800
3800
3801
3802
3805
3806
3808
3810
3811
3812
3816
3818
3820
3822
3823
3824
3825
3826
3828
3829
3830
3830
3839
3840
3852
3853
3856
3858
3860
3861
3863
3865
3865
3865
3865
3866
3872
3874
3875
3876
3878
3879
3881
3882
3883
3883
3887
3888
3890
3893
3896
3896
3898
3898
3898
3899
3901
3903
3906
3908
3910
3912
3913
3914
3916
3916
3919
3924
3926
3929
3933
3939
3941
3942
3945
3947
3948
3952
3952
3954
3955
3955
3956
3956
3959
3959
3959
3960
3961
3964
3966
3969
3978
3981
3986
3988
3990
3996
3999
4004
4005
4008
4009
4010
4011
4013
4014
4014
4017
4020
4022
4027
4028
4031
4037
4037
4038
4040
4041
4042
4043
4046
4047
4048
4049
4050
4054
4056
4057
4057
4059
4063
4065
4066
4067
4073
4074
4075
4076
4076
4083
4086
4086
4089
4091
4091
4096
4098
4099
4101
4101
4102
4103
4103
4107
4107
4108
4110
4112
4114
4118
4121
4124
4125
4127
4128
4132
4140
4140
4142
4143
4147
4148
4148
4152
4152
4153
4154
4156
4157
4164
4168
4170
4172
4180
4185
4189
4191
4192
4193
4194
4194
4201
4202
4204
4206
4209
4211
4212
4215
4218
4220
4221
4222
4223
4225
4226
4230
4230
4241
4241
4244
4244
4245
4246
4246
4249
4249
4256
4256
4262
4265
4265
4268
4270
4271
4274
4276
4277
4280
4281
4282
4283
4283
4285
4288
4290
4293
4295
4296
4302
4302
4304
4304
4305
4305
4306
4308
4314
4320
4320
4320
4323
4325
4326
4326
4329
4330
4332
4332
4339
4339
4340
4340
4342
4342
4344
4344
4346
4347
4349
4350
4352
4352
4354
4356
4357
4361
4361
4365
4371
4372
4380
4382
4382
4384
4385
4392
4397
4397
4399
4401
4403
4407
4408
4409
4409
4414
4417
4422
4423
4427
4428
4433
4435
4435
4437
4439
4441
4442
4443
4444
4447
4447
4447
4448
4449
4449
4450
4452
4453
4455
4457
4458
4458
4459
4460
4464
4464
4466
4468
4470
4470
4474
4475
4476
4479
4479
4480
4482
4483
4483
4486
4488
4488
4500
4501
4504
4512
4512
4514
4515
4515
4525
4526
4527
4532
4533
4533
4534
4536
4546
4551
4554
4557
4557
4559
4559
4560
4561
4563
4563
4566
4567
4568
4569
4571
4574
4575
4576
4578
4581
4583
4583
4585
4585
4586
4586
4587
4587
4590
4593
4596
4597
4598
4599
4600
4603
4604
4604
4605
4606
4608
4610
4613
4614
4616
4617
4617
4617
4622
4629
4631
4632
4633
4636
4638
4638
4639
4640
4641
4642
4644
4646
4647
4649
4650
4650
4652
4652
4654
4655
4657
4659
4659
4659
4661
4663
4665
4666
4668
4668
4669
4672
4675
4681
4681
4683
4683
4685
4686
4692
4695
4697
4698
4698
4702
4705
4705
4705
4706
4707
4713
4719
4727
4730
4730
4733
4733
4734
4734
4735
4737
4739
4740
4741
4744
4744
4744
4748
4749
4753
4754
4754
4760
4762
4769
4770
4773
4773
4774
4776
4776
4777
4777
4779
4781
4784
4788
4788
4792
4794
4795
4798
4798
4799
4801
4801
4803
4805
4806
4807
4808
4809
4812
4812
4812
4812
4814
4814
4815
4818
4818
4821
4823
4823
4824
4824
4826
4829
4830
4841
4841
4846
4848
4848
4849
4851
4852
4853
4857
4857
4858
4858
4860
4863
4868
4868
4869
4870
4871
4871
4872
4875
4878
4880
4882
4883
4886
4886
4887
4890
4891
4892
4893
4893
4894
4895
4895
4895
4897
4898
4899
4899
4901
4904
4906
4906
4907
4910
4913
4913
4917
4918
4918
4918
4920
4920
4921
4924
4926
4926
4932
4932
4937
4941
4943
4945
4945
4953
4954
4959
4960
4960
4964
4965
4970
4970
4971
4973
4974
4974
4974
4976
4977
4979
4985
4985
4988
4991
4992
4992
4994
4997
4998
4999
5001
5004
5007
5008
5008
5010
5012
5015
5019
5022
5023
5025
5028
5028
5028
5029
5033
5035
5039
5040
5042
5042
5044
5049
5049
5051
5054
5056
5056
5057
5060
5062
5064
5066
5069
5070
5070
5073
5074
5075
5076
5082
5086
5087
5088
5100
5101
5106
5109
5113
5115
5117
5118
5119
5120
5120
5123
5125
5127
5131
5134
5134
5137
5139
5139
5140
5140
5143
5143
5144
5145
5146
5148
5152
5156
5159
5161
5163
5164
5166
5166
5168
5169
5171
5172
5172
5173
5178
5180
5180
5183
5183
5184
5185
5186
5187
5188
5191
5192
5198
5200
5204
5204
5204
5207
5210
5213
5217
5220
5222
5223
5223
5225
5226
5228
5232
5235
5235
5236
5240
5241
5243
5243
5245
5246
5247
5248
5252
5254
5255
5256
5263
5266
5269
5270
5273
5275
5276
5276
5277
5279
5281
5283
5290
5290
5291
5299
5300
5302
5303
5305
5306
5309
5313
5314
5314
5314
5317
5321
5322
5322
5322
5325
5326
5332
5333
5343
5345
5347
5350
5351
5353
5354
5356
5360
5364
5366
5366
5367
5368
5369
5370
5370
5371
5372
5372
5376
5376
5379
5380
5380
5381
5384
5384
5388
5388
5389
5391
5392
5392
5395
5396
5398
5403
5406
5408
5411
5413
5422
5422
5425
5428
5429
5432
5434
5437
5438
5442
5443
5443
5447
5447
5450
5452
5453
5454
5455
5458
5458
5460
5461
5461
5461
5466
5466
5471
5474
5474
5479
5482
5482
5485
5486
5487
5496
5499
5518
5525
5527
5528
5529
5540
5541
5542
5544
5546
5546
5549
5551
5553
5553
5554
5556
5556
5557
5558
5560
5561
5563
5564
5564
5567
5572
5572
5573
5574
5575
5576
5578
5579
5580
5580
5587
5589
5589
5593
5593
5594
5594
5595
5595
5598
5600
5602
5602
5603
5605
5606
5606
5609
5610
5612
5613
5613
5614
5617
5618
5618
5621
5623
5624
5625
5626
5628
5629
5629
5630
5632
5634
5636
5637
5638
5638
5638
5639
5639
5639
5642
5647
5648
5649
5649
5653
5654
5655
5655
5657
5658
5658
5659
5659
5668
5668
5668
5671
5672
5674
5675
5678
5678
5679
5681
5683
5688
5692
5693
5697
5697
5698
5698
5700
5701
5702
5703
5707
5709
5711
5712
5713
5713
5716
5731
5732
5735
5736
5737
5741
5743
5744
5745
5747
5749
5754
5754
5755
5759
5760
5764
5765
5766
5766
5769
5769
5771
5771
5772
5774
5776
5776
5778
5778
5782
5783
5783
5784
5786
5786
5790
5792
5793
5794
5794
5794
5801
5801
5805
5805
5810
5811
5816
5818
5818
5822
5826
5829
5830
5832
5833
5834
5834
5835
5837
5838
5839
5840
5843
5844
5845
5849
5851
5854
5855
5856
5857
5859
5860
5866
5869
5869
5870
5878
5882
5882
5884
5886
5886
5888
5889
5893
5896
5897
5898
5902
5909
5909
5910
5913
5916
5919
5919
5923
5923
5926
5927
5928
5932
5934
5936
5939
5943
5943
5946
5946
5947
5948
5953
5953
5955
5956
5957
5960
5960
5965
5969
5969
5970
5971
5972
5976
5976
5977
5978
5979
5990
5991
5991
5993
5993
5994
6002
6002
6006
6007
6007
6009
6011
6012
6014
6014
6017
6017
6020
6026
6027
6030
6034
6035
6035
6037
6040
6040
6047
6050
6050
6053
6059
6066
6068
6071
6074
6075
6075
6079
6079
6079
6080
6082
6082
6084
6085
6086
6087
6087
6091
6092
6092
6102
6102
6105
6106
6106
6108
6109
6111
6116
6126
6132
6132
6135
6145
6146
6147
6147
6148
6150
6152
6157
6158
6159
6161
6161
6162
6163
6164
6172
6174
6174
6174
6175
6182
6183
6184
6195
6196
6197
6198
6205
6213
6213
6213
6218
6218
6221
6231
6232
6235
6237
6237
6238
6239
6239
6239
6239
6246
6249
6249
6252
6253
6253
6254
6255
6257
6258
6262
6263
6264
6267
6268
6272
6274
6275
6275
6276
6277
6284
6286
6288
6291
6295
6296
6296
6297
6297
6297
6300
6300
6301
6303
6306
6307
6308
6313
6313
6318
6319
6321
6322
6322
6325
6325
6329
6329
6333
6334
6334
6336
6339
6343
6344
6344
6345
6346
6350
6350
6355
6356
6362
6363
6364
6367
6368
6371
6372
6372
6372
6372
6373
6373
6378
6383
6383
6385
6385
6388
6389
6389
6392
6394
6397
6398
6406
6406
6409
6415
6416
6418
6420
6422
6425
6427
6427
6430
6430
6431
6431
6434
6437
6439
6439
6443
6444
6445
6447
6448
6448
6449
6453
6454
6459
6460
6462
6463
6463
6465
6468
6469
6471
6472
6476
6479
6479
6480
6481
6482
6483
6484
6484
6485
6490
6494
6494
6500
6500
6507
6508
6509
6509
6513
6517
6520
6522
6522
6526
6528
6535
6537
6540
6540
6541
6542
6551
6552
6552
6554
6556
6559
6559
6562
6568
6568
6570
6574
6580
6581
6589
6594
6596
6597
6606
6607
6609
6609
6611
6612
6616
6617
6620
6620
6622
6630
6636
6638
6638
6639
6641
6642
6643
6644
6646
6651
6654
6655
6657
6657
6658
6661
6667
6668
6669
6669
6677
6678
6679
6679
6679
6682
6682
6684
6686
6689
6690
6693
6694
6697
6699
6700
6701
6703
6705
6706
6707
6707
6708
6709
6714
6720
6721
6722
6724
6724
6729
6730
6732
6732
6735
6741
6741
6742
6747
6749
6750
6750
6751
6751
6756
6762
6763
6764
6764
6770
6773
6774
6774
6776
6778
6780
6782
6791
6792
6795
6796
6798
6802
6804
6804
6809
6810
6811
6813
6814
6831
6832
6832
6833
6834
6835
6843
6844
6844
6845
6848
6853
6854
6855
6858
6858
6858
6859
6861
6864
6867
6870
6872
6881
6883
6884
6890
6892
6894
6894
6897
6897
6897
6898
6900
6901
6901
6902
6903
6907
6910
6914
6921
6928
6929
6930
6930
6934
6939
6944
6945
6947
6948
6950
6952
6954
6955
6957
6961
6961
6969
6970
6974
6975
6975
6975
6977
6977
6979
6981
6984
6984
6989
6989
6990
6990
6990
6992
6992
6994
6994
6996
6998
7003
7004
7006
7009
7011
7013
7014
7014
7015
7020
7021
7022
7025
7028
7029
7031
7031
7033
7036
7039
7039
7039
7040
7041
7042
7042
7048
7049
7055
7057
7065
7069
7070
7073
7074
7074
7076
7076
7081
7082
7082
7085
7086
7087
7088
7091
7091
7092
7095
7095
7097
7100
7102
7106
7107
7108
7112
7113
7113
7114
7115
7115
7115
7116
7117
7117
7120
7121
7123
7124
7128
7128
7132
7132
7133
7137
7139
7142
7145
7145
7150
7152
7157
7157
7158
7159
7162
7164
7167
7168
7170
7172
7179
7179
7181
7182
7185
7189
7192
7193
7194
7197
7199
7201
7202
7203
7208
7209
7209
7209
7211
7212
7215
7219
7222
7223
7230
7236
7238
7241
7243
7257
7258
7259
7259
7259
7262
7263
7265
7265
7268
7269
7269
7271
7273
7273
7274
7274
7275
7275
7277
7277
7279
7281
7281
7281
7283
7286
7294
7305
7308
7309
7310
7311
7313
7313
7318
7319
7319
7321
7325
7333
7336
7342
7343
7351
7354
7357
7357
7359
7360
7362
7363
7364
7367
7367
7371
7371
7373
7374
7376
7376
7377
7378
7379
7382
7382
7382
7384
7386
7388
7393
7394
7398
7405
7408
7411
7414
7415
7418
7420
7423
7424
7425
7426
7427
7428
7431
7432
7435
7436
7436
7440
7444
7447
7450
7452
7454
7454
7455
7457
7459
7460
7461
7462
7470
7473
7474
7475
7478
7484
7485
7489
7492
7492
7497
7498
7499
7500
7501
7508
7510
7510
7513
7513
7514
7514
7514
7517
7523
7526
7527
7529
7531
7532
7532
7534
7534
7535
7538
7539
7540
7540
7542
7542
7547
7556
7557
7560
7563
7565
7565
7569
7578
7583
7584
7585
7586
7587
7588
7588
7589
7590
7592
7600
7601
7602
7604
7607
7610
7614
7615
7616
7617
7617
7617
7618
7623
7624
7624
7625
7626
7627
7627
7628
7632
7634
7636
7646
7649
7650
7652
7655
7657
7659
7663
7664
7666
7673
7673
7674
7678
7684
7686
7689
7690
7690
7695
7707
7709
7713
7713
7714
7717
7719
7720
7720
7722
7724
7725
7725
7727
7729
7732
7736
7737
7741
7742
7745
7746
7747
7749
7751
7753
7753
7754
7757
7758
7759
7763
7763
7768
7769
7770
7771
7772
7772
7775
7776
7777
7778
7780
7781
7784
7785
7788
7789
7790
7790
7791
7792
7793
7795
7800
7800
7801
7801
7805
7805
7806
7810
7811
7814
7815
7819
7820
7823
7824
7825
7826
7826
7828
7830
7833
7833
7834
7837
7838
7843
7844
7846
7846
7848
7851
7855
7858
7860
7861
7862
7865
7867
7868
7870
7870
7871
7871
7872
7873
7874
7877
7879
7880
7880
7884
7884
7885
7891
7892
7895
7897
7899
7899
7901
7902
7902
7903
7904
7904
7905
7908
7909
7914
7916
7921
7922
7922
7924
7924
7930
7933
7933
7934
7935
7939
7940
7943
7948
7949
7954
7955
7965
7968
7970
7970
7971
7974
7976
7976
7977
7979
7981
7985
7985
7989
7990
7990
7990
7995
7996
7997
7997
7998
7998
7999
8000
8001
8002
8003
8010
8011
8011
8012
8014
8017
8018
8019
8025
8026
8027
8028
8032
8058
8060
8063
8063
8064
8071
8075
8078
8079
8084
8084
8085
8087
8087
8091
8091
8091
8098
8100
8100
8102
8103
8103
8104
8104
8105
8110
8112
8113
8114
8119
8121
8122
8126
8130
8131
8131
8131
8132
8132
8134
8136
8137
8138
8139
8140
8142
8144
8144
8144
8144
8145
8145
8148
8148
8151
8152
8156
8157
8159
8160
8162
8162
8163
8164
8166
8167
8169
8169
8173
8176
8181
8182
8187
8189
8190
8191
8191
8194
8195
8196
8198
8202
8204
8204
8204
8205
8205
8206
8208
8210
8211
8212
8214
8216
8216
8219
8219
8220
8220
8221
8221
8221
8223
8223
8227
8227
8227
8230
8231
8231
8234
8235
8236
8248
8248
8248
8250
8253
8253
8253
8254
8254
8257
8259
8260
8262
8266
8266
8275
8279
8282
8284
8284
8286
8287
8288
8289
8291
8294
8294
8297
8302
8312
8316
8317
8327
8327
8327
8333
8340
8343
8346
8347
8347
8348
8348
8351
8351
8352
8355
8358
8362
8366
8366
8368
8368
8371
8372
8374
8374
8377
8382
8383
8385
8386
8390
8393
8396
8397
8398
8398
8399
8400
8407
8409
8411
8415
8418
8418
8432
8435
8443
8445
8447
8450
8450
8451
8453
8453
8455
8456
8459
8459
8459
8460
8460
8462
8463
8465
8468
8471
8475
8476
8478
8483
8489
8493
8493
8495
8495
8497
8498
8500
8502
8507
8515
8521
8521
8524
8526
8529
8533
8534
8537
8541
8541
8541
8541
8541
8545
8545
8547
8548
8550
8551
8553
8553
8555
8555
8555
8556
8563
8565
8567
8568
8569
8578
8581
8585
8587
8589
8589
8593
8594
8598
8599
8599
8601
8601
8606
8613
8614
8615
8617
8618
8619
8619
8619
8620
8620
8621
8623
8623
8626
8626
8627
8628
8630
8639
8640
8641
8642
8644
8649
8651
8651
8652
8652
8653
8659
8660
8660
8661
8664
8665
8670
8671
8672
8673
8673
8676
8681
8682
8682
8682
8684
8685
8685
8686
8690
8705
8712
8713
8713
8714
8716
8716
8721
8725
8726
8731
8731
8733
8736
8738
8741
8741
8745
8746
8747
8750
8751
8752
8752
8753
8758
8760
8761
8761
8766
8767
8769
8769
8770
8773
8775
8776
8777
8782
8786
8789
8791
8792
8794
8795
8796
8798
8799
8802
8803
8805
8808
8815
8815
8817
8818
8818
8824
8824
8824
8827
8828
8828
8840
8840
8841
8843
8843
8845
8845
8852
8859
8859
8859
8861
8865
8865
8865
8866
8869
8870
8871
8871
8875
8878
8880
8883
8884
8893
8894
8894
8904
8904
8904
8905
8909
8909
8912
8914
8918
8921
8924
8924
8928
8931
8933
8933
8933
8937
8941
8941
8941
8942
8943
8945
8946
8947
8948
8948
8952
8952
8955
8955
8956
8959
8959
8960
8960
8962
8963
8964
8965
8966
8969
8972
8973
8974
8977
8982
8987
8988
8989
8991
8992
8993
8996
8997
8999
9002
9003
9003
9006
9006
9007
9008
9008
9009
9010
9012
9013
9015
9015
9017
9021
9022
9024
9027
9030
9030
9031
9032
9032
9039
9040
9041
9043
9043
9047
9047
9049
9050
9051
9051
9052
9054
9055
9055
9061
9062
9063
9064
9064
9069
9072
9077
9078
9087
9088
9090
9092
9095
9106
9108
9109
9130
9130
9131
9133
9138
9141
9143
9145
9145
9152
9153
9154
9155
9156
9158
9160
9162
9164
9166
9168
9170
9171
9171
9173
9173
9174
9177
9177
9177
9177
9179
9180
9180
9182
9184
9186
9186
9187
9189
9190
9190
9191
9192
9193
9194
9195
9195
9196
9205
9209
9209
9211
9213
9214
9215
9218
9224
9224
9225
9226
9228
9230
9238
9238
9244
9246
9249
9250
9253
9256
9257
9259
9260
9260
9261
9265
9266
9266
9267
9268
9273
9275
9284
9286
9292
9292
9292
9294
9296
9296
9297
9301
9303
9304
9308
9309
9311
9314
9318
9322
9324
9328
9330
9331
9331
9332
9332
9333
9338
9348
9350
9352
9353
9355
9355
9357
9358
9360
9363
9369
9371
9376
9377
9377
9378
9383
9383
9384
9385
9390
9391
9392
9393
9396
9397
9399
9400
9401
9402
9405
9405
9408
9408
9409
9412
9413
9418
9421
9424
9427
9428
9430
9432
9434
9435
9437
9439
9441
9441
9443
9443
9453
9459
9462
9463
9465
9466
9468
9470
9475
9475
9485
9486
9487
9488
9492
9494
9494
9496
9497
9498
9501
9506
9510
9511
9512
9515
9516
9516
9517
9517
9519
9520
9524
9526
9527
9530
9531
9532
9533
9534
9535
9537
9538
9539
9540
9542
9542
9543
9544
9545
9546
9550
9550
9554
9555
9556
9556
9557
9557
9562
9570
9572
9572
9574
9575
9581
9585
9586
9586
9587
9588
9589
9590
9590
9592
9593
9593
9594
9596
9596
9598
9599
9607
9609
9610
9610
9613
9618
9618
9625
9627
9629
9630
9632
9633
9644
9645
9645
9649
9654
9657
9657
9658
9658
9658
9660
9661
9661
9662
9664
9665
9666
9666
9667
9669
9670
9670
9671
9671
9672
9677
9678
9681
9681
9684
9684
9686
9689
9695
9701
9706
9710
9710
9710
9713
9713
9714
9718
9719
9720
9722
9722
9723
9726
9728
9729
9729
9732
9732
9734
9739
9741
9741
9741
9747
9747
9750
9751
9752
9752
9753
9758
9766
9769
9770
9771
9776
9777
9781
9783
9784
9784
9785
9788
9792
9797
9798
9800
9801
9802
9804
9805
9808
9808
9814
9817
9819
9820
9825
9830
9833
9834
9836
9837
9837
9839
9839
9841
9843
9846
9847
9848
9849
9849
9851
9853
9859
9860
9869
9870
9873
9875
9879
9881
9882
9884
9886
9888
9889
9891
9892
9892
9894
9897
9897
9900
9901
9902
9903
9904
9910
9912
9916
9924
9924
9928
9931
9932
9932
9937
9941
9942
9943
9944
9944
9944
9945
9947
9948
9952
9952
9953
9959
9960
9961
9961
9962
9964
9965
9971
9973
9975
9976
9977
9978
9979
9982
9982
9983
9986
9988
9991
9992
9992
9998
9998
9999
10000
10001
10002
10003
10004
10006
10009
10012
10012
10013
10015
10016
10017
10027
10030
10031
10033
10035
10037
10038
10040
10042
10042
10043
10048
10050
10051
10053
10055
10055
10056
10057
10065
10066
10067
10068
10070
10071
10071
10072
10073
10073
10078
10078
10080
10089
10094
10097
10097
10098
10100
10102
10108
10109
10109
10112
10112
10112
10114
10115
10118
10122
10122
10123
10124
10128
10130
10132
10133
10134
10139
10142
10145
10146
10148
10153
10155
10159
10161
10167
10168
10168
10170
10171
10172
10174
10175
10183
10184
10185
10186
10186
10189
10190
10190
10196
10198
10199
10202
10203
10204
10204
10205
10206
10207
10210
10212
10212
10213
10215
10220
10221
10221
10225
10225
10227
10229
10231
10232
10234
10240
10243
10245
10246
10250
10251
10252
10253
10254
10254
10257
10263
10265
10265
10267
10268
10270
10270
10275
10276
10277
10279
10285
10286
10292
10292
10296
10297
10299
10303
10303
10303
10307
10311
10311
10317
10324
10324
10324
10324
10327
10329
10329
10332
10333
10334
10334
10341
10342
10343
10343
10345
10346
10351
10352
10353
10354
10356
10360
10360
10361
10368
10370
10372
10374
10377
10378
10381
10389
10392
10392
10398
10400
10401
10402
10404
10415
10416
10421
10424
10425
10425
10430
10430
10432
10432
10434
10435
10436
10438
10439
10443
10444
10444
10445
10445
10446
10447
10448
10448
10449
10450
10454
10456
10459
10465
10465
10468
10472
10474
10476
10477
10478
10479
10485
10485
10486
10492
10493
10493
10496
10496
10497
10503
10505
10508
10510
10510
10511
10512
10514
10517
10519
10521
10523
10526
10527
10530
10531
10534
10538
10540
10541
10544
10545
10547
10548
10548
10550
10551
10551
10555
10556
10559
10562
10563
10569
10571
10575
10576
10576
10581
10582
10583
10583
10584
10594
10598
10599
10602
10609
10609
10609
10611
10614
10614
10615
10616
10619
10623
10623
10625
10629
10629
10633
10635
10639
10641
10643
10646
10648
10649
10649
10653
10654
10655
10655
10658
10660
10662
10665
10668
10669
10674
10675
10677
10683
10689
10692
10694
10695
10696
10696
10700
10704
10710
10711
10712
10712
10713
10713
10714
10716
10717
10718
10720
10720
10723
10724
10725
10727
10729
10731
10734
10734
10735
10740
10741
10744
10746
10754
10755
10759
10764
10764
10766
10766
10770
10771
10772
10775
10778
10779
10780
10782
10783
10786
10789
10790
10790
10791
10791
10794
10795
10796
10798
10799
10803
10804
10806
10810
10812
10813
10815
10815
10817
10817
10818
10818
10818
10820
10823
10824
10825
10826
10827
10827
10829
10829
10829
10830
10837
10838
10840
10844
10844
10844
10846
10849
10850
10852
10852
10853
10857
10858
10860
10861
10863
10868
10869
10869
10877
10881
10882
10884
10888
10889
10890
10891
10893
10894
10894
10896
10898
10905
10910
10910
10916
10922
10923
10924
10926
10927
10928
10929
10929
10929
10933
10938
10942
10943
10943
10944
10946
10947
10948
10949
10952
10952
10953
10957
10959
10960
10961
10964
10967
10968
10968
10973
10974
10974
10979
10979
10981
10981
10984
10985
10986
10987
10987
10987
10988
10991
10992
10995
10996
10997
10998
10999
11003
11003
11004
11009
11013
11015
11018
11023
11024
11030
11032
11035
11036
11040
11042
11043
11046
11047
11048
11048
11055
11056
11060
11061
11072
11073
11074
11074
11075
11082
11082
11083
11087
11087
11087
11088
11088
11090
11090
11091
11091
11093
11094
11101
11104
11105
11107
11110
11112
11113
11114
11114
11117
11119
11121
11123
11126
11128
11130
11131
11133
11136
11137
11138
11139
11139
11139
11151
11152
11154
11155
11155
11155
11155
11157
11158
11164
11164
11166
11167
11172
11173
11173
11173
11175
11177
11183
11183
11186
11196
11201
11201
11202
11205
11205
11207
11208
11209
11210
11210
11213
11213
11218
11218
11219
11223
11224
11224
11224
11227
11231
11232
11234
11235
11238
11240
11243
11243
11246
11251
11253
11253
11253
11257
11258
11261
11265
11266
11267
11271
11272
11277
11282
11283
11284
11285
11287
11301
11302
11307
11314
11315
11316
11317
11320
11324
11325
11325
11326
11330
11332
11332
11332
11334
11335
11335
11336
11337
11337
11340
11340
11344
11346
11346
11348
11348
11349
11353
11355
11357
11357
11360
11364
11364
11366
11368
11374
11380
11380
11381
11385
11385
11385
11386
11387
11388
11389
11390
11391
11393
11395
11397
11399
11399
11400
11401
11402
11403
11407
11408
11411
11417
11421
11421
11424
11434
11436
11436
11437
11437
11437
11438
11438
11440
11441
11443
11445
11450
11451
11451
11451
11452
11454
11455
11458
11460
11461
11467
11468
11469
11471
11471
11474
11478
11478
11482
11483
11483
11483
11486
11490
11491
11491
11498
11499
11499
11500
11500
11502
11506
11507
11507
11511
11511
11516
11520
11521
11522
11525
11525
11527
11532
11535
11539
11541
11545
11546
11554
11560
11560
11561
11562
11564
11568
11569
11570
11570
11574
11576
11580
11583
11585
11585
11587
11588
11593
11598
11599
11599
11599
11601
11602
11602
11606
11608
11610
11610
11611
11611
11611
11615
11618
11618
11620
11622
11623
11624
11625
11631
11632
11634
11635
11635
11641
11644
11645
11649
11659
11659
11661
11662
11663
11667
11667
11669
11669
11676
11681
11682
11682
11684
11684
11688
11688
11690
11691
11693
11694
11695
11695
11697
11707
11707
11709
11714
11718
11719
11720
11720
11722
11723
11727
11730
11731
11735
11737
11737
11737
11739
11739
11742
11743
11745
11746
11749
11750
11753
11753
11756
11762
11764
11765
11770
11771
11773
11775
11777
11780
11788
11791
11792
11794
11796
11798
11801
11803
11806
11807
11815
11816
11820
11822
11828
11837
11837
11840
11840
11845
11847
11849
11853
11854
11856
11862
11863
11865
11867
11868
11868
11870
11872
11875
11876
11881
11881
11881
11883
11886
11887
11888
11891
11891
11891
11892
11892
11894
11901
11902
11904
11906
11909
11910
11912
11914
11914
11919
11920
11921
11924
11925
11926
11928
11930
11931
11932
11933
11934
11936
11937
11944
11945
11948
11948
11949
11950
11951
11952
11953
11955
11956
11961
11961
11962
11964
11966
11967
11967
11972
11972
11976
11979
11981
11984
11985
11986
11989
11990
11996
11996
11997
11999
12005
12007
12010
12015
12017
12022
12025
12026
12026
12026
12028
12030
12034
12035
12038
12039
12039
12042
12042
12043
12044
12046
12047
12047
12048
12049
12050
12050
12051
12053
12055
12058
12059
12060
12063
12064
12066
12068
12070
12072
12072
12076
12078
12084
12086
12087
12089
12089
12090
12091
12093
12094
12095
12096
12099
12101
12101
12103
12104
12105
12107
12108
12109
12111
12112
12112
12118
12118
12120
12125
12125
12125
12127
12128
12131
12138
12140
12142
12146
12147
12147
12150
12152
12153
12156
12157
12158
12159
12160
12161
12163
12163
12165
12167
12183
12185
12185
12187
12188
12191
12191
12192
12193
12194
12201
12202
12202
12203
12206
12209
12210
12211
12213
12213
12216
12216
12219
12219
12220
12222
12222
12222
12224
12225
12226
12228
12229
12232
12238
12238
12241
12249
12250
12251
12252
12252
12253
12254
12257
12257
12257
12260
12262
12263
12264
12264
12264
12265
12268
12273
12273
12274
12274
12282
12283
12284
12285
12286
12288
12294
12295
12299
12301
12302
12303
12305
12306
12306
12309
12311
12311
12311
12311
12313
12315
12318
12322
12323
12323
12326
12328
12331
12333
12334
12334
12336
12338
12340
12340
12345
12345
12349
12350
12351
12351
12353
12356
12357
12358
12358
12360
12366
12367
12368
12369
12370
12371
12373
12374
12374
12375
12376
12381
12382
12382
12383
12383
12384
12386
12387
12388
12395
12398
12401
12406
12406
12407
12408
12410
12410
12411
12412
12413
12414
12415
12416
12416
12416
12417
12418
12419
12420
12421
12421
12432
12434
12435
12437
12437
12439
12441
12441
12442
12442
12445
12446
12448
12457
12457
12459
12460
12461
12463
12467
12467
12476
12481
12486
12486
12488
12489
12493
12493
12494
12497
12497
12503
12503
12504
12516
12524
12524
12525
12528
12532
12533
12536
12538
12538
12539
12539
12539
12541
12543
12547
12548
12549
12549
12560
12560
12563
12567
12569
12569
12571
12575
12576
12576
12577
12578
12582
12584
12586
12589
12589
12589
12589
12602
12604
12606
12607
12607
12609
12610
12611
12615
12619
12620
12623
12624
12629
12629
12634
12637
12642
12643
12644
12648
12651
12651
12651
12659
12660
12660
12663
12663
12664
12668
12669
12674
12677
12688
12689
12691
12693
12694
12697
12698
12699
12708
12708
12708
12709
12711
12715
12718
12723
12724
12724
12729
12730
12734
12744
12745
12747
12748
12756
12759
12760
12764
12764
12769
12778
12781
12781
12782
12782
12782
12785
12786
12792
12792
12797
12797
12799
12802
12804
12805
12811
12811
12812
12813
12818
12819
12820
12827
12827
12827
12830
12831
12833
12834
12834
12835
12836
12836
12836
12836
12836
12840
12841
12844
12844
12846
12846
12847
12847
12848
12848
12852
12857
12857
12860
12866
12868
12868
12868
12873
12881
12883
12884
12884
12885
12885
12889
12890
12893
12894
12899
12901
12901
12902
12903
12905
12906
12908
12910
12912
12912
12915
12915
12916
12916
12918
12920
12924
12926
12926
12927
12937
12942
12946
12951
12952
12952
12956
12956
12957
12957
12958
12958
12960
12960
12960
12961
12964
12965
12966
12968
12971
12972
12972
12974
12978
12978
12979
12979
12980
12985
12985
12990
12991
12993
12997
12997
13002
13006
13012
13013
13018
13018
13020
13022
13027
13028
13028
13028
13030
13033
13033
13039
13040
13041
13045
13046
13047
13048
13049
13051
13051
13052
13055
13058
13061
13064
13064
13065
13067
13068
13080
13082
13086
13086
13087
13088
13088
13092
13092
13101
13102
13103
13106
13110
13112
13113
13113
13116
13118
13120
13122
13122
13127
13130
13134
13134
13135
13138
13144
13147
13147
13152
13157
13157
13159
13160
13160
13168
13169
13170
13175
13175
13176
13177
13177
13178
13181
13183
13184
13188
13189
13193
13195
13195
13196
13200
13205
13206
13207
13209
13209
13211
13211
13214
13218
13218
13218
13222
13224
13225
13225
13228
13237
13237
13239
13240
13242
13242
13244
13245
13247
13249
13250
13251
13252
13253
13255
13255
13256
13256
13260
13260
13260
13262
13262
13263
13265
13268
13268
13271
13271
13271
13274
13281
13287
13291
13291
13292
13293
13294
13297
13298
13301
13302
13302
13302
13303
13305
13307
13309
13310
13315
13316
13318
13322
13326
13327
13331
13332
13332
13333
13333
13338
13339
13339
13340
13344
13346
13350
13352
13355
13356
13357
13358
13359
13361
13361
13362
13365
13366
13367
13367
13368
13369
13371
13381
13381
13382
13382
13383
13385
13387
13390
13391
13392
13393
13397
13398
13398
13406
13407
13408
13409
13412
13412
13415
13420
13423
13425
13426
13427
13434
13438
13438
13445
13447
13451
13453
13453
13459
13460
13461
13462
13462
13464
13464
13477
13480
13480
13481
13489
13492
13497
13497
13499
13501
13502
13502
13506
13508
13510
13513
13516
13518
13519
13522
13526
13526
13534
13542
13543
13545
13548
13550
13550
13557
13557
13559
13562
13567
13567
13571
13573
13575
13576
13577
13577
13578
13578
13582
13585
13588
13590
13591
13594
13595
13598
13599
13600
13607
13609
13610
13610
13611
13614
13618
13624
13624
13625
13625
13629
13630
13631
13631
13632
13634
13635
13635
13636
13636
13638
13639
13642
13643
13643
13644
13646
13647
13648
13651
13651
13654
13656
13657
13657
13658
13658
13658
13664
13665
13666
13672
13675
13675
13678
13678
13682
13683
13686
13687
13691
13693
13694
13696
13698
13701
13702
13704
13707
13708
13709
13711
13712
13713
13714
13721
13724
13730
13731
13732
13732
13734
13735
13736
13742
13746
13747
13748
13755
13755
13755
13758
13762
13762
13765
13770
13774
13777
13782
13783
13784
13785
13786
13787
13788
13791
13792
13793
13797
13799
13799
13800
13802
13803
13807
13812
13814
13816
13823
13824
13828
13831
13834
13835
13836
13837
13837
13838
13845
13846
13849
13850
13851
13853
13857
13857
13858
13862
13866
13867
13867
13867
13868
13868
13870
13871
13871
13880
13880
13884
13885
13885
13886
13887
13893
13894
13897
13898
13899
13899
13901
13902
13902
13902
13902
13906
13906
13910
13912
13913
13913
13916
13918
13918
13919
13920
13921
13924
13925
13929
13930
13936
13938
13938
13939
13942
13942
13942
13945
13948
13950
13951
13951
13959
13961
13963
13963
13965
13968
13969
13970
13970
13971
13974
13974
13975
13979
13980
13981
13985
13985
13986
13986
13988
13989
13996
13997
13999
14000
14003
14003
14003
14003
14010
14012
14014
14014
14018
14019
14019
14020
14023
14024
14027
14027
14031
14033
14034
14036
14037
14037
14038
14038
14041
14043
14045
14045
14045
14051
14054
14065
14067
14067
14067
14070
14070
14070
14077
14081
14085
14085
14087
14087
14089
14092
14095
14101
14103
14105
14106
14106
14107
14108
14109
14111
14113
14117
14118
14118
14122
14124
14126
14127
14128
14129
14129
14130
14131
14132
14133
14134
14135
14137
14139
14142
14142
14142
14146
14150
14152
14152
14154
14155
14157
14157
14161
14162
14162
14165
14166
14171
14172
14177
14177
14178
14179
14179
14180
14185
14189
14193
14194
14200
14203
14203
14207
14210
14215
14216
14221
14221
14222
14222
14225
14227
14230
14232
14233
14235
14237
14237
14245
14247
14247
14248
14249
14253
14254
14256
14256
14260
14260
14264
14267
14271
14272
14273
14273
14281
14281
14282
14283
14284
14284
14288
14291
14291
14295
14297
14298
14298
14298
14299
14303
14308
14309
14311
14312
14313
14313
14314
14315
14317
14318
14320
14322
14322
14323
14324
14328
14331
14333
14333
14336
14336
14337
14340
14340
14341
14341
14344
14345
14346
14349
14350
14353
14353
14353
14354
14355
14355
14355
14356
14357
14359
14362
14364
14368
14369
14369
14369
14371
14371
14376
14377
14378
14383
14387
14387
14391
14392
14395
14397
14398
14398
14404
14405
14407
14408
14409
14411
14414
14415
14416
14419
14423
14427
14428
14428
14432
14434
14435
14437
14437
14438
14441
14449
14449
14455
14456
14459
14459
14468
14470
14471
14474
14475
14478
14479
14481
14482
14483
14487
14487
14488
14488
14490
14490
14492
14493
14493
14497
14506
14506
14513
14513
14514
14516
14518
14524
14527
14528
14528
14529
14530
14530
14532
14533
14534
14534
14541
14545
14548
14551
14553
14554
14556
14557
14557
14559
14559
14559
14562
14563
14563
14564
14571
14572
14576
14577
14585
14587
14588
14591
14592
14595
14595
14597
14601
14604
14606
14611
14614
14614
14615
14615
14615
14617
14619
14619
14620
14620
14620
14623
14624
14629
14635
14640
14642
14647
14649
14650
14653
14653
14658
14658
14663
14663
14666
14666
14672
14673
14677
14678
14679
14683
14686
14689
14689
14694
14694
14695
14699
14699
14700
14703
14707
14711
14714
14715
14719
14723
14725
14726
14729
14729
14731
14737
14738
14739
14743
14746
14751
14753
14753
14757
14758
14758
14765
14765
14766
14770
14770
14771
14771
14775
14779
14781
14783
14784
14784
14787
14787
14788
14788
14789
14791
14798
14799
14801
14801
14807
14808
14810
14811
14812
14814
14815
14818
14818
14819
14824
14827
14833
14837
14837
14839
14839
14840
14841
14843
14843
14845
14845
14845
14846
14847
14848
14849
14852
14853
14857
14857
14859
14861
14866
14878
14881
14885
14893
14893
14895
14896
14897
14897
14900
14900
14901
14904
14904
14905
14905
14906
14907
14908
14909
14910
14911
14911
14913
14914
14917
14923
14924
14929
14932
14935
14939
14942
14949
14953
14955
14956
14958
14967
14967
14968
14968
14968
14969
14970
14972
14973
14973
14974
14978
14979
14981
14982
14987
14990
14993
14996
14998
14998
15002
15002
15005
15006
15007
15009
15010
15010
15012
15013
15014
15015
15017
15019
15019
15020
15023
15026
15028
15030
15034
15035
15038
15040
15043
15043
15043
15043
15043
15044
15046
15051
15052
15052
15055
15061
15064
15065
15065
15066
15068
15071
15072
15072
15072
15072
15073
15073
15074
15074
15075
15080
15082
15082
15084
15084
15086
15091
15092
15093
15094
15099
15101
15102
15103
15104
15105
15106
15109
15116
15116
15120
15121
15125
15126
15127
15127
15127
15129
15129
15131
15131
15133
15139
15139
15141
15142
15144
15145
15150
15153
15156
15157
15161
15163
15164
15166
15167
15168
15168
15169
15171
15173
15177
15180
15183
15186
15189
15190
15191
15195
15197
15198
15207
15214
15217
15219
15224
15226
15226
15227
15230
15233
15235
15235
15235
15239
15239
15241
15243
15243
15244
15245
15245
15246
15248
15250
15253
15254
15254
15260
15260
15266
15267
15268
15270
15272
15273
15274
15279
15280
15284
15285
15287
15289
15290
15293
15299
15300
15300
15304
15305
15306
15306
15307
15308
15312
15312
15313
15314
15315
15318
15319
15321
15321
15321
15323
15324
15326
15332
15337
15337
15339
15339
15340
15344
15347
15348
15351
15354
15354
15355
15361
15362
15367
15368
15370
15372
15372
15372
15373
15374
15375
15378
15378
15381
15385
15387
15388
15390
15390
15391
15398
15398
15400
15401
15401
15403
15403
15406
15407
15408
15410
15413
15413
15414
15417
15417
15418
15422
15422
15422
15424
15426
15427
15435
15436
15436
15438
15439
15446
15447
15450
15455
15455
15456
15457
15459
15460
15464
15464
15466
15468
15469
15471
15472
15472
15472
15475
15476
15476
15478
15479
15481
15483
15485
15487
15490
15490
15493
15496
15499
15501
15502
15504
15505
15509
15510
15512
15513
15513
15513
15513
15513
15517
15521
15521
15523
15527
15529
15530
15531
15532
15538
15544
15547
15549
15550
15550
15551
15553
15557
15559
15560
15561
15566
15568
15569
15570
15571
15573
15577
15579
15580
15583
15584
15585
15588
15590
15592
15594
15596
15596
15599
15605
15605
15609
15611
15613
15615
15617
15617
15617
15619
15620
15620
15621
15622
15624
15625
15626
15628
15633
15637
15638
15641
15641
15642
15642
15645
15648
15649
15651
15651
15651
15653
15658
15658
15659
15662
15665
15670
15673
15674
15675
15678
15683
15685
15687
15689
15690
15692
15693
15695
15700
15701
15701
15703
15704
15706
15707
15710
15711
15713
15713
15715
15716
15718
15721
15722
15726
15728
15728
15730
15732
15736
15737
15738
15739
15742
15742
15742
15745
15745
15745
15751
15754
15757
15757
15757
15758
15759
15761
15764
15766
15768
15768
15772
15777
15779
15780
15782
15786
15790
15796
15796
15798
15799
15801
15803
15805
15806
15807
15811
15812
15814
15815
15816
15817
15819
15820
15826
15833
15836
15839
15849
15850
15852
15855
15863
15866
15868
15869
15872
15872
15874
15875
15875
15877
15878
15881
15882
15886
15893
15895
15897
15898
15898
15904
15908
15908
15916
15917
15918
15922
15923
15925
15925
15925
15926
15926
15927
15929
15934
15936
15937
15940
15942
15942
15943
15944
15948
15949
15951
15954
15954
15956
15960
15960
15961
15961
15962
15962
15969
15974
15975
15976
15976
15979
15981
15981
15983
15990
15991
15991
15993
15993
15993
15995
15996
15999
16002
16003
16003
16005
16008
16008
16015
16015
16016
16025
16028
16029
16029
16031
16036
16036
16037
16039
16040
16041
16043
16046
16047
16048
16051
16052
16052
16055
16057
16061
16062
16072
16072
16074
16080
16082
16082
16082
16083
16085
16086
16086
16087
16089
16091
16092
16098
16099
16105
16106
16107
16110
16114
16114
16115
16119
16120
16123
16123
16125
16126
16127
16128
16129
16129
16129
16130
16131
16132
16134
16134
16136
16140
16147
16147
16152
16153
16155
16157
16158
16160
16164
16164
16165
16165
16165
16165
16168
16172
16177
16178
16178
16180
16184
16185
16186
16186
16189
16190
16191
16192
16197
16197
16198
16202
16203
16206
16210
16211
16215
16216
16219
16219
16221
16222
16222
16227
16227
16228
16228
16229
16230
16236
16239
16242
16242
16249
16251
16252
16257
16260
16263
16265
16269
16270
16273
16273
16274
16276
16277
16277
16278
16281
16283
16284
16284
16285
16285
16285
16287
16289
16289
16293
16298
16298
16300
16306
16306
16306
16306
16309
16315
16317
16321
16326
16326
16326
16331
16331
16331
16336
16343
16348
16351
16352
16353
16355
16357
16360
16361
16365
16368
16370
16373
16374
16376
16377
16380
16381
16386
16387
16387
16391
16392
16392
16401
16402
16407
16408
16409
16413
16414
16417
16418
16418
16419
16424
16428
16428
16428
16431
16431
16431
16432
16434
16435
16436
16436
16437
16437
16438
16439
16440
16441
16442
16442
16444
16445
16446
16447
16448
16450
16450
16453
16454
16455
16456
16457
16457
16457
16458
16458
16459
16462
16463
16463
16465
16467
16472
16475
16480
16483
16484
16485
16492
16493
16498
16500
16502
16502
16502
16505
16510
16514
16515
16516
16519
16519
16520
16521
16521
16522
16522
16523
16528
16529
16531
16534
16534
16534
16536
16537
16545
16545
16546
16547
16550
16551
16554
16556
16556
16559
16561
16565
16566
16568
16569
16569
16579
16579
16586
16589
16589
16589
16590
16592
16595
16595
16597
16598
16598
16599
16602
16605
16607
16607
16608
16608
16611
16613
16613
16613
16618
16619
16624
16628
16629
16633
16638
16644
16644
16644
16645
16645
16647
16647
16649
16650
16652
16652
16654
16658
16660
16662
16663
16664
16665
16670
16670
16678
16682
16687
16693
16694
16695
16698
16698
16699
16708
16708
16709
16713
16719
16721
16722
16724
16726
16727
16729
16734
16738
16740
16740
16748
16750
16750
16753
16754
16754
16758
16761
16762
16763
16767
16772
16773
16773
16774
16774
16774
16775
16775
16780
16781
16788
16788
16794
16798
16803
16805
16808
16810
16810
16810
16816
16817
16818
16820
16824
16825
16827
16833
16834
16838
16842
16844
16844
16848
16851
16854
16855
16856
16860
16862
16863
16864
16865
16867
16868
16869
16871
16878
16879
16880
16881
16885
16887
16888
16891
16892
16895
16895
16898
16902
16904
16910
16916
16917
16919
16920
16921
16923
16923
16925
16925
16933
16933
16935
16935
16935
16936
16936
16937
16939
16943
16943
16944
16947
16950
16951
16953
16958
16960
16961
16962
16962
16962
16962
16967
16968
16969
16970
16970
16971
16976
16976
16977
16977
16980
16982
16983
16984
16986
16986
16991
16993
16994
16995
16996
16998
17004
17005
17008
17010
17010
17012
17018
17019
17021
17022
17025
17026
17030
17030
17033
17033
17036
17036
17038
17040
17041
17044
17046
17049
17049
17050
17052
17056
17057
17058
17059
17060
17064
17065
17066
17068
17068
17069
17071
17073
17074
17077
17077
17080
17081
17083
17085
17088
17090
17092
17093
17095
17096
17097
17099
17108
17109
17117
17118
17123
17127
17127
17135
17139
17146
17147
17151
17153
17154
17157
17157
17160
17163
17163
17165
17165
17166
17167
17167
17170
17171
17171
17175
17176
17183
17184
17190
17197
17198
17198
17199
17199
17208
17209
17212
17214
17215
17218
17218
17220
17221
17222
17222
17223
17224
17225
17227
17227
17227
17232
17232
17236
17236
17238
17238
17245
17250
17251
17252
17253
17253
17256
17256
17258
17260
17262
17267
17269
17271
17272
17274
17276
17281
17284
17285
17285
17287
17287
17287
17290
17291
17291
17296
17299
17304
17309
17312
17312
17315
17316
17318
17319
17319
17319
17321
17322
17322
17328
17328
17330
17331
17342
17346
17347
17347
17348
17350
17353
17354
17355
17362
17363
17369
17372
17375
17378
17384
17386
17390
17391
17398
17398
17400
17400
17400
17401
17403
17404
17406
17408
17408
17410
17411
17411
17413
17417
17417
17417
17418
17419
17419
17421
17424
17428
17430
17430
17432
17434
17444
17446
17448
17449
17451
17458
17460
17462
17463
17465
17465
17468
17470
17474
17475
17477
17478
17479
17480
17482
17483
17484
17485
17486
17490
17495
17499
17501
17502
17502
17504
17507
17508
17508
17509
17510
17512
17513
17513
17515
17516
17517
17518
17520
17523
17529
17530
17531
17531
17533
17533
17533
17533
17534
17536
17537
17537
17538
17540
17542
17543
17556
17559
17560
17561
17562
17564
17564
17568
17570
17570
17571
17576
17579
17579
17581
17582
17584
17591
17591
17593
17594
17596
17597
17598
17600
17611
17617
17624
17627
17629
17629
17630
17631
17631
17635
17635
17638
17639
17639
17643
17646
17647
17648
17649
17649
17649
17652
17654
17655
17655
17656
17657
17660
17666
17666
17670
17673
17673
17675
17675
17677
17678
17678
17681
17682
17684
17684
17685
17687
17691
17692
17693
17694
17694
17695
17697
17703
17703
17707
17708
17709
17710
17721
17722
17726
17731
17732
17733
17734
17734
17734
17739
17741
17743
17743
17745
17747
17748
17752
17758
17763
17766
17766
17767
17769
17770
17771
17775
17776
17785
17785
17785
17786
17786
17789
17790
17792
17796
17796
17797
17798
17800
17801
17806
17807
17809
17809
17813
17814
17815
17819
17819
17822
17822
17823
17825
17825
17825
17825
17826
17829
17830
17831
17831
17834
17836
17839
17839
17842
17843
17847
17848
17849
17852
17852
17853
17853
17856
17856
17859
17860
17862
17863
17864
17866
17867
17872
17873
17873
17874
17875
17876
17876
17880
17881
17883
17885
17886
17886
17888
17889
17892
17892
17894
17895
17895
17898
17900
17901
17913
17914
17915
17915
17916
17919
17921
17921
17928
17929
17932
17932
17935
17936
17940
17941
17941
17942
17943
17944
17945
17947
17947
17947
17948
17948
17948
17960
17960
17962
17965
17968
17970
17972
17976
17976
17976
17977
17978
17978
17979
17982
17982
17985
17988
17992
17994
17996
17996
17998
18002
18004
18004
18005
18006
18007
18008
18010
18012
18014
18016
18017
18018
18019
18021
18024
18025
18026
18028
18030
18032
18040
18040
18040
18041
18043
18043
18049
18049
18052
18054
18055
18060
18064
18065
18067
18068
18070
18074
18075
18075
18079
18081
18082
18083
18085
18087
18087
18087
18087
18093
18099
18105
18107
18109
18110
18113
18113
18113
18115
18118
18122
18124
18124
18128
18130
18130
18138
18139
18140
18145
18146
18148
18149
18152
18152
18153
18155
18156
18157
18160
18161
18161
18165
18165
18166
18168
18173
18177
18178
18178
18179
18184
18186
18188
18190
18192
18193
18198
18199
18201
18202
18204
18205
18206
18208
18208
18209
18209
18212
18213
18217
18219
18221
18221
18221
18221
18222
18224
18228
18228
18232
18232
18234
18236
18236
18238
18241
18241
18250
18252
18252
18257
18257
18260
18262
18266
18266
18267
18270
18270
18276
18276
18279
18286
18288
18293
18294
18296
18297
18299
18304
18304
18309
18312
18313
18316
18318
18320
18324
18325
18328
18328
18329
18332
18333
18334
18345
18346
18350
18351
18354
18357
18357
18357
18360
18360
18365
18366
18368
18370
18370
18374
18375
18376
18380
18383
18389
18390
18390
18390
18391
18392
18393
18394
18397
18401
18405
18406
18406
18406
18408
18409
18409
18411
18412
18414
18415
18419
18420
18426
18426
18427
18427
18439
18439
18442
18444
18445
18446
18449
18452
18452
18453
18458
18460
18460
18463
18466
18466
18468
18472
18475
18475
18476
18484
18484
18484
18485
18486
18489
18491
18500
18502
18503
18503
18504
18506
18507
18509
18510
18510
18512
18514
18515
18521
18521
18522
18522
18524
18524
18528
18528
18529
18529
18532
18533
18533
18536
18536
18537
18537
18538
18538
18540
18541
18541
18542
18548
18548
18551
18551
18558
18560
18567
18568
18572
18574
18574
18577
18580
18583
18583
18584
18585
18585
18585
18585
18586
18590
18591
18594
18596
18600
18601
18603
18603
18607
18608
18608
18609
18610
18611
18612
18615
18615
18616
18617
18617
18620
18624
18625
18626
18626
18629
18630
18631
18632
18635
18638
18639
18640
18644
18645
18646
18647
18648
18650
18652
18653
18655
18656
18657
18658
18658
18658
18660
18666
18672
18672
18673
18682
18686
18686
18695
18696
18703
18705
18707
18708
18712
18717
18719
18721
18725
18725
18729
18732
18735
18738
18744
18745
18746
18748
18749
18749
18751
18752
18752
18753
18753
18755
18760
18765
18765
18767
18771
18772
18776
18777
18779
18782
18782
18782
18784
18787
18796
18798
18798
18799
18800
18800
18803
18803
18806
18807
18813
18820
18821
18823
18823
18825
18825
18826
18829
18830
18830
18833
18833
18836
18836
18837
18838
18838
18840
18853
18853
18855
18856
18860
18862
18869
18871
18872
18874
18875
18875
18876
18883
18883
18883
18884
18886
18888
18890
18892
18893
18895
18897
18898
18903
18904
18905
18908
18908
18909
18910
18910
18911
18911
18913
18914
18917
18921
18922
18922
18923
18925
18927
18927
18928
18929
18929
18934
18935
18935
18938
18939
18939
18944
18946
18947
18947
18948
18949
18955
18957
18959
18959
18961
18962
18963
18963
18963
18964
18966
18968
18969
18976
18977
18979
18980
18982
18983
18985
18991
18991
18991
18998
19000
19003
19005
19015
19016
19018
19019
19023
19024
19024
19026
19027
19029
19029
19034
19035
19036
19039
19040
19040
19040
19044
19047
19048
19050
19050
19056
19057
19058
19059
19060
19060
19060
19064
19065
19065
19068
19072
19072
19076
19077
19077
19079
19083
19084
19089
19091
19091
19094
19094
19097
19098
19098
19099
19105
19105
19115
19121
19123
19124
19126
19127
19128
19128
19129
19129
19129
19129
19133
19134
19137
19138
19139
19139
19143
19148
19148
19150
19155
19155
19156
19156
19157
19158
19158
19158
19163
19168
19171
19174
19182
19185
19187
19190
19191
19194
19199
19199
19204
19206
19210
19211
19215
19217
19218
19219
19220
19220
19222
19224
19226
19231
19234
19243
19245
19245
19245
19246
19247
19249
19251
19256
19259
19263
19263
19268
19269
19273
19274
19274
19275
19276
19277
19281
19282
19283
19289
19294
19296
19298
19298
19299
19299
19300
19300
19302
19302
19303
19307
19311
19311
19313
19316
19320
19321
19322
19324
19328
19328
19328
19333
19334
19338
19345
19349
19359
19362
19362
19362
19363
19365
19366
19369
19370
19370
19372
19376
19378
19378
19380
19380
19380
19380
19381
19393
19394
19396
19398
19399
19401
19405
19408
19410
19413
19414
19414
19416
19416
19417
19418
19420
19421
19425
19429
19429
19431
19433
19436
19436
19444
19445
19447
19447
19447
19451
19459
19464
19464
19466
19470
19470
19470
19471
19472
19475
19475
19478
19479
19480
19482
19485
19485
19485
19488
19492
19493
19501
19502
19502
19504
19505
19506
19507
19509
19509
19510
19517
19521
19522
19526
19526
19529
19530
19538
19539
19541
19544
19544
19545
19548
19549
19550
19552
19554
19555
19556
19559
19559
19565
19565
19568
19568
19574
19577
19577
19578
19579
19583
19587
19593
19593
19596
19600
19600
19601
19607
19607
19609
19609
19611
19614
19615
19617
19619
19621
19626
19634
19635
19637
19637
19638
19639
19639
19640
19640
19640
19643
19645
19646
19646
19659
19661
19662
19662
19665
19665
19668
19670
19671
19672
19678
19683
19687
19687
19690
19690
19691
19692
19693
19697
19700
19702
19702
19710
19715
19719
19722
19724
19727
19728
19729
19729
19730
19730
19732
19732
19732
19732
19735
19735
19736
19737
19738
19738
19738
19739
19741
19744
19748
19748
19750
19754
19758
19758
19759
19763
19763
19764
19766
19767
19769
19769
19774
19775
19776
19781
19783
19784
19784
19786
19787
19788
19788
19789
19790
19790
19795
19795
19798
19798
19798
19799
19799
19799
19801
19801
19802
19803
19804
19804
19805
19806
19806
19809
19809
19816
19822
19822
19822
19823
19824
19826
19827
19830
19834
19837
19837
19839
19841
19843
19845
19850
19851
19852
19852
19855
19856
19856
19857
19859
19864
19869
19871
19872
19874
19877
19877
19878
19878
19880
19882
19882
19883
19886
19886
19886
19887
19887
19888
19892
19895
19897
19899
19900
19902
19902
19907
19913
19915
19917
19917
19919
19922
19922
19922
19927
19927
19927
19928
19931
19940
19942
19944
19945
19948
19948
19951
19952
19952
19952
19953
19955
19958
19963
19965
19965
19967
19967
19975
19978
19978
19979
19979
19980
19981
19982
19982
19983
19985
19985
19993
19993
19999